0 130
0 13
1 129
1 673
1 177
1 301
1 302
1 303
1 304
1 305
1 306
1 307
1 308
1 310
1 311
1 822
1 1107
1 561
1 602
1 490
1 491
1 492
1 493
1 494
1 495
1 496
1 497
1 498
1 499
1 888
1 383
2 130
2 267
2 164
2 263
2 264
2 265
2 266
2 199
2 204
2 398
2 739
2 268
2 842
3 130
3 388
3 107
3 657
3 246
3 537
3 734
4 128
4 519
4 1100
4 918
4 794
4 800
4 418
4 549
4 552
4 682
4 689
4 691
4 692
4 823
4 696
4 324
4 841
4 714
4 716
4 333
4 717
4 824
4 466
4 339
4 992
4 998
4 358
4 744
4 722
4 633
4 123
4 509
4 638
5 512
5 126
6 1088
6 106
6 589
6 126
6 543
7 130
7 603
7 1093
7 764
7 1034
7 907
7 1038
7 632
7 1115
7 468
7 1079
7 152
7 596
7 507
7 508
7 959
8 1058
8 873
8 717
8 1134
8 221
8 991
9 19
9 1004
9 213
9 510
9 221
10 213
10 221
11 1000
11 221
12 130
12 261
12 295
12 1097
12 684
12 656
12 87
12 605
13 130
13 259
13 262
13 680
13 651
13 26
14 984
14 975
14 997
14 222
14 439
15 768
15 754
15 949
15 215
16 546
16 198
16 371
16 116
16 57
16 699
16 543
17 208
17 844
17 236
17 295
18 242
18 123
18 237
18 918
18 295
19 291
19 651
19 724
19 749
20 291
21 736
21 291
22 292
22 581
22 717
22 466
22 260
22 59
23 946
23 195
23 292
24 344
24 292
25 376
25 657
25 746
25 651
25 292
26 832
26 290
26 292
26 569
26 764
26 924
26 651
26 855
26 708
26 85
26 535
26 473
26 732
26 221
27 528
28 529
28 106
28 649
29 1121
29 647
29 360
29 297
29 748
29 749
29 285
29 564
29 661
29 86
29 221
30 533
31 870
31 1065
31 716
31 530
31 371
31 53
32 1089
32 1067
32 429
32 239
32 1074
32 250
33 529
34 1001
34 59
34 309
34 211
35 226
35 772
35 38
35 39
35 650
35 1031
35 207
35 83
35 766
36 201
37 872
37 206
38 376
38 772
38 797
38 1031
39 1031
40 184
40 153
40 923
41 122
41 651
42 632
42 656
42 435
43 513
43 515
43 1029
43 398
43 656
43 147
43 148
43 157
43 160
43 674
43 295
43 1065
43 301
43 1072
43 1073
43 693
43 696
43 701
43 326
43 327
43 74
43 716
43 975
43 209
43 597
43 474
43 358
43 361
43 363
43 240
43 753
43 506
43 509
44 1061
44 295
44 275
44 714
44 301
44 600
44 1074
44 339
44 918
44 472
44 639
45 288
45 452
45 391
45 968
45 103
45 780
45 814
45 592
45 775
45 308
45 511
46 101
46 301
46 398
46 687
46 1040
46 975
46 509
47 816
47 896
47 308
47 293
48 512
48 997
48 1096
48 115
48 308
48 469
49 704
49 928
49 67
49 1093
49 624
49 856
49 723
49 308
49 120
49 538
49 539
49 861
49 639
50 308
51 308
51 1065
51 106
51 529
51 371
51 116
51 53
51 598
51 153
51 538
51 539
51 540
51 542
52 308
52 469
53 68
53 837
53 870
53 424
53 1065
53 882
53 206
53 530
53 371
53 55
53 1048
53 858
53 827
54 263
54 398
54 406
54 157
54 674
54 164
54 1065
54 199
54 1068
54 688
54 1077
54 694
54 695
54 842
54 327
54 200
54 74
54 213
54 366
54 240
54 243
54 891
55 539
55 68
55 72
55 828
55 106
55 811
55 590
55 623
55 424
55 370
55 371
55 1048
55 858
55 91
55 606
55 542
55 63
56 162
56 72
56 590
56 879
56 880
56 689
56 371
56 959
57 134
57 135
57 137
57 138
57 139
57 542
57 160
57 311
57 700
57 701
57 834
57 69
57 587
57 248
57 723
57 600
57 870
57 494
57 625
57 114
57 116
57 760
57 891
58 705
58 547
58 838
58 893
58 681
58 859
58 494
58 623
58 276
58 1065
58 886
58 1049
58 857
58 698
58 699
58 858
59 1038
59 919
59 922
59 284
59 410
59 292
59 429
59 686
59 180
59 437
59 186
59 60
59 190
59 480
59 197
59 77
59 352
59 738
59 877
59 372
60 186
60 372
61 448
61 646
61 908
61 140
61 655
61 530
61 857
61 538
61 539
61 924
61 160
61 545
61 547
61 292
61 551
61 554
61 683
61 307
61 311
61 624
61 702
61 64
61 544
61 67
61 68
61 72
61 780
61 586
61 590
61 548
61 697
61 217
61 861
61 606
61 863
61 928
61 1125
61 871
61 1128
61 106
61 914
61 494
61 112
61 114
61 116
61 886
61 682
62 905
62 909
62 494
62 585
62 1115
62 956
62 735
63 704
63 134
63 391
63 780
63 530
63 1048
63 539
63 541
63 542
63 544
63 418
63 547
63 950
63 319
63 448
63 834
63 329
63 589
63 590
63 858
63 863
63 870
63 103
63 494
63 370
63 371
63 116
63 959
64 448
64 863
64 547
64 550
64 871
64 780
64 494
64 530
64 468
64 886
64 697
64 539
64 703
65 930
65 1046
65 106
65 589
65 526
65 752
65 401
65 947
65 494
65 950
65 541
65 895
66 770
66 1094
66 934
66 1097
66 428
66 1101
66 495
66 656
66 466
66 467
66 437
66 187
66 476
67 646
67 140
67 655
67 914
67 532
67 539
67 928
67 545
67 554
67 683
67 559
67 311
67 697
67 959
67 1088
67 838
67 1101
67 349
67 494
67 624
67 626
68 863
68 539
68 870
68 811
68 424
68 681
68 106
68 683
68 494
68 531
68 370
68 371
68 950
68 1048
68 858
68 91
68 606
68 319
69 650
69 782
69 1042
69 147
69 669
69 160
69 1061
69 173
69 174
69 307
69 316
69 1090
69 963
69 708
69 1094
69 842
69 843
69 1102
69 338
69 361
69 112
70 539
70 920
70 307
71 272
71 843
71 658
71 307
71 754
72 140
72 142
72 530
72 538
72 539
72 542
72 543
72 545
72 559
72 689
72 307
72 697
72 959
72 1093
72 590
72 857
72 861
72 106
72 623
72 624
72 116
72 501
72 760
73 130
73 845
73 77
73 303
73 368
73 632
73 434
73 307
73 500
73 344
73 441
74 160
74 695
74 502
74 358
74 173
74 240
74 307
74 503
74 441
74 1029
74 638
74 639
75 585
75 526
75 368
75 307
75 469
75 505
75 735
76 608
76 614
76 211
76 1002
76 1003
76 307
76 820
76 1014
76 504
76 1034
76 933
77 480
77 434
77 1038
77 338
77 307
77 821
77 632
77 634
78 963
78 1061
78 585
78 909
78 942
78 304
78 338
78 307
78 730
78 445
79 1074
79 236
80 628
80 443
80 332
80 717
81 605
81 751
82 605
83 226
83 772
83 650
83 605
83 207
83 93
84 488
84 555
84 1010
84 1044
84 87
84 603
84 605
85 488
85 746
85 717
85 93
85 605
85 855
85 760
85 90
86 297
86 1121
86 605
87 1024
87 225
87 488
87 684
87 650
87 1010
87 601
87 635
87 764
87 605
88 292
88 605
88 717
89 441
90 441
91 198
91 424
91 1065
91 783
91 370
92 426
93 605
93 118
93 207
94 730
94 260
95 1120
95 97
95 1122
95 1121
95 873
95 1034
95 427
95 1103
95 562
95 1129
95 635
95 1118
95 607
96 1089
96 437
97 427
97 1034
97 523
97 568
97 1117
98 426
98 741
98 933
99 933
99 439
100 101
100 1094
100 889
100 141
100 605
100 214
100 217
100 185
100 730
100 221
101 672
101 945
101 290
101 950
101 358
101 753
101 176
101 401
101 243
101 214
101 663
101 1094
101 1040
102 528
102 529
102 1093
103 961
103 863
103 571
103 1093
103 391
103 425
103 589
103 592
103 681
103 319
103 511
104 107
104 285
104 933
105 1120
105 194
105 1131
105 933
105 1129
105 1034
105 555
105 1122
105 913
105 979
105 1014
105 218
105 254
105 607
106 135
106 529
106 914
106 539
106 541
106 542
106 543
106 545
106 933
106 286
106 697
106 959
106 590
106 623
106 116
106 766
107 769
107 389
107 1038
107 434
107 387
107 1079
107 345
107 285
107 933
108 308
108 822
109 962
109 620
109 492
109 942
109 308
109 469
109 822
109 969
109 574
109 1023
110 1101
110 399
110 1104
110 305
110 245
110 602
111 160
111 129
111 292
111 1095
111 754
111 1102
111 624
111 305
111 530
111 116
111 1110
111 857
111 538
111 316
111 602
111 1076
112 763
112 393
112 554
112 624
112 211
112 920
112 762
112 383
112 316
112 766
112 287
113 152
113 676
113 383
114 576
114 577
114 930
114 492
114 541
114 624
114 305
114 914
114 469
114 121
114 856
114 602
114 732
114 575
115 968
115 494
115 308
115 822
115 730
115 126
116 959
116 645
116 134
116 135
116 136
116 137
116 138
116 139
116 140
116 142
116 344
116 1043
116 537
116 154
116 539
116 540
116 538
116 158
116 1093
116 160
116 545
116 859
116 933
116 552
116 683
116 1128
116 541
116 560
116 305
116 752
116 542
116 828
116 1088
116 928
116 834
116 837
116 838
116 929
116 717
116 1102
116 466
116 723
116 697
116 216
116 857
116 602
116 731
116 860
116 861
116 528
116 483
116 996
116 600
116 494
116 624
116 625
116 766
116 856
116 120
116 121
116 891
116 559
116 639
117 387
117 917
117 152
117 285
117 290
117 936
117 1066
117 558
117 435
117 441
117 578
117 579
117 580
117 581
117 582
117 455
117 840
117 461
117 463
117 984
117 602
117 475
117 479
117 480
117 485
117 1101
117 493
117 498
117 632
117 508
117 767
118 376
118 988
118 207
119 418
119 652
119 148
119 312
119 123
119 223
120 917
120 153
120 540
120 1093
120 928
120 929
120 930
120 677
120 934
120 679
120 680
120 681
120 682
120 683
120 684
120 561
120 1081
120 1095
120 1098
120 843
120 844
120 305
120 1102
120 854
120 855
121 650
121 651
121 399
121 400
121 920
121 1043
121 408
121 157
121 932
121 305
121 301
121 561
121 307
121 1097
121 1098
121 1099
121 1094
121 840
121 841
121 842
121 843
121 844
121 1101
121 1102
121 214
121 496
122 258
122 196
122 887
122 652
122 174
122 149
122 823
122 1019
123 418
123 611
123 652
123 462
123 150
123 312
123 153
123 986
124 842
124 652
124 157
124 318
125 652
126 929
126 1107
126 561
126 234
126 492
126 494
126 495
126 304
126 497
126 308
126 469
126 822
126 311
126 730
126 997
126 127
127 773
127 968
127 234
127 492
127 494
127 495
127 308
128 234
128 306
129 151
129 400
129 404
129 534
129 535
129 152
129 537
129 154
129 155
129 156
129 157
129 158
129 159
129 160
129 934
129 1081
129 1097
129 723
129 731
129 153
130 404
130 535
130 923
130 933
130 172
130 303
130 306
130 307
130 845
130 846
130 847
130 464
130 217
130 219
130 221
130 234
130 496
130 499
131 234
132 234
133 234
134 545
134 959
134 135
134 137
134 858
134 859
135 160
135 137
135 139
135 625
135 600
135 138
137 139
137 625
137 754
138 312
140 256
140 545
140 930
140 837
140 358
140 142
140 221
140 624
140 529
140 914
140 857
140 992
140 859
140 541
140 1093
140 959
141 1093
141 214
141 1110
142 928
142 1093
142 626
142 731
142 860
143 994
143 996
143 1093
143 529
143 1065
143 650
143 1072
143 209
143 754
143 538
143 539
143 861
144 624
144 996
144 1093
144 586
144 528
144 959
145 683
145 1093
145 319
146 1095
146 732
146 850
146 594
146 276
146 534
146 156
146 158
146 415
147 513
147 515
147 1029
147 597
147 276
147 157
147 160
147 1072
147 674
147 1068
147 944
147 696
147 1083
147 316
147 701
147 318
147 1089
147 326
147 327
147 1096
147 716
147 204
147 209
147 213
147 474
147 233
147 363
147 753
147 506
147 891
147 509
147 766
147 639
148 292
148 406
148 326
148 327
148 1098
148 824
148 150
148 696
148 157
148 1029
149 322
149 1098
149 684
149 258
149 174
149 1010
149 789
149 887
149 1084
149 605
150 611
150 1064
150 741
151 320
151 866
151 803
151 292
151 933
151 679
151 844
151 1004
151 684
151 461
151 1042
151 404
151 917
151 152
151 217
151 932
152 517
152 1035
152 524
152 656
152 158
152 678
152 556
152 309
152 321
152 322
152 323
152 844
152 719
152 211
152 600
152 1120
152 866
152 997
152 890
153 160
153 560
153 529
153 542
153 761
153 538
153 158
154 160
154 731
154 932
154 645
154 1102
154 942
154 400
154 928
154 594
154 1081
154 534
154 857
154 537
154 538
154 539
154 412
154 837
155 386
155 933
155 582
155 844
155 738
155 1102
155 975
155 464
155 763
155 1094
155 285
156 160
156 327
156 842
156 1095
156 690
156 1102
156 752
156 956
156 766
156 415
157 406
157 534
157 1096
157 540
157 928
157 290
157 292
157 295
157 1068
157 688
157 1073
157 690
157 693
157 696
157 313
157 827
157 968
157 1100
157 1101
157 1102
157 977
157 594
157 1081
157 825
157 358
157 363
157 366
157 239
157 240
157 753
157 243
157 637
158 645
158 1034
158 401
158 534
158 287
158 160
158 934
158 691
158 950
158 594
158 982
158 472
158 731
158 990
158 618
158 1005
158 238
159 385
159 642
159 643
159 678
159 759
159 844
159 525
159 1101
159 464
159 342
159 247
159 440
159 410
159 219
160 640
160 645
160 1034
160 534
160 1115
160 932
160 421
160 550
160 295
160 682
160 942
160 688
160 691
160 1097
160 440
160 963
160 708
160 326
160 199
160 713
160 461
160 1102
160 207
160 338
160 723
160 1081
160 697
160 600
160 731
160 1094
160 735
160 608
160 934
160 594
160 367
160 659
160 760
160 764
161 323
162 739
162 164
162 263
162 200
162 842
162 363
162 204
162 1077
162 637
163 641
163 486
163 975
163 276
163 246
163 441
163 570
164 199
164 200
164 1068
164 263
164 204
164 1077
165 642
165 614
165 738
165 1103
165 820
165 504
165 924
166 387
166 230
166 583
166 967
166 686
166 217
166 767
166 255
167 923
168 923
169 633
169 714
169 348
169 918
170 918
171 517
171 586
171 351
171 212
171 917
171 282
171 475
171 479
172 896
172 219
172 1092
172 934
172 678
172 1079
172 464
172 210
172 343
172 635
173 327
173 844
173 1072
173 1106
173 758
173 695
173 669
174 258
174 1031
174 652
174 206
174 789
175 247
176 1081
176 995
176 639
177 552
177 304
177 561
177 306
177 180
177 181
177 822
177 184
177 185
177 186
177 187
177 188
177 189
177 190
177 191
177 1107
177 602
177 359
177 360
177 234
177 493
177 494
177 495
177 370
177 499
178 996
179 194
179 900
179 1122
179 1034
179 1131
179 1058
179 1133
179 913
179 562
179 211
179 1017
179 347
179 990
180 188
181 384
181 186
181 292
181 476
182 724
183 584
183 483
184 354
184 1093
184 713
184 370
184 723
184 1081
184 407
184 248
184 249
184 538
184 891
185 736
185 675
185 305
185 235
185 244
185 245
185 246
185 247
185 924
185 221
186 1038
186 404
186 919
186 709
186 288
186 290
186 440
186 372
186 325
186 1101
186 847
186 342
186 217
186 219
186 221
186 367
186 368
186 756
186 757
186 758
187 384
187 961
187 359
187 329
187 476
187 428
187 429
187 430
187 431
187 432
187 437
187 433
187 281
187 495
187 284
187 765
187 738
188 247
188 342
188 759
188 440
188 1084
189 757
189 372
189 437
189 303
190 1087
190 1089
190 431
191 307
192 923
192 221
193 386
193 764
194 347
194 1003
194 923
194 1035
194 1015
194 603
194 221
196 258
196 807
196 328
196 717
196 878
196 797
196 276
196 887
196 1019
196 378
197 738
197 202
197 750
197 1074
197 1081
198 783
198 1048
198 1074
198 472
199 263
199 266
199 363
199 204
199 398
199 1077
199 637
200 704
200 263
200 1068
200 842
200 204
200 398
200 1077
201 553
201 863
202 472
202 241
202 1074
202 553
203 842
203 363
203 1068
203 1077
203 398
204 739
204 363
204 398
204 879
204 1077
205 241
205 714
205 918
205 553
206 417
206 652
206 554
206 620
206 401
206 276
206 950
206 663
206 462
206 1049
207 226
207 772
207 553
207 650
207 594
207 766
208 553
208 714
208 1069
208 1074
208 918
209 513
209 515
209 1029
209 398
209 1072
209 674
209 1065
209 554
209 688
209 1073
209 696
209 313
209 701
209 842
209 716
209 597
209 474
209 363
209 637
209 753
209 766
209 506
209 636
209 509
209 638
210 997
210 488
210 554
210 466
210 603
211 1034
211 1035
211 554
211 427
211 309
211 290
211 847
211 979
211 347
211 1123
211 614
211 1131
211 1133
211 367
211 1014
211 504
211 254
211 975
212 580
212 552
212 232
212 554
212 1038
212 337
213 1040
213 290
213 995
213 406
213 753
213 1000
213 775
213 236
213 365
213 398
213 239
213 240
213 305
213 499
213 535
213 730
213 221
214 289
214 315
214 999
214 1099
214 499
214 285
214 1040
214 401
214 947
214 307
214 219
214 221
214 995
215 733
215 581
215 1101
215 499
215 994
215 1038
215 303
215 435
215 596
215 439
215 632
215 441
215 221
216 499
217 388
217 777
217 778
217 770
217 656
217 281
217 282
217 924
217 925
217 752
217 942
217 1079
217 843
217 469
217 349
217 351
217 994
217 238
217 368
217 1010
217 499
217 756
217 1013
217 758
218 290
218 421
218 1117
218 1034
218 427
218 301
218 1101
218 303
218 499
218 436
218 1014
218 727
218 985
218 1015
218 347
218 221
219 624
219 931
219 525
219 464
219 499
219 469
219 406
220 499
220 303
221 388
221 398
221 1040
221 406
221 539
221 545
221 290
221 552
221 554
221 538
221 940
221 557
221 304
221 968
221 730
221 587
221 464
221 344
221 735
221 994
221 995
221 368
221 498
221 499
221 372
221 758
221 889
221 508
222 288
222 368
222 499
222 469
222 342
222 286
223 418
224 420
225 488
225 601
225 1010
225 629
226 1031
227 942
228 976
229 936
230 832
230 601
231 662
232 508
233 326
234 673
234 561
234 306
234 308
234 822
234 1107
234 602
234 491
234 493
234 494
234 496
234 498
234 499
234 383
236 844
236 251
236 552
236 295
236 296
236 551
236 490
236 363
236 748
236 1074
236 714
236 239
236 240
236 466
236 243
236 310
236 1028
236 650
237 292
237 295
237 714
237 553
237 490
237 1074
237 239
237 243
237 682
237 344
237 541
238 1074
238 295
238 744
238 745
238 490
238 844
238 722
238 239
238 338
238 339
238 404
238 918
238 633
238 472
238 251
238 714
239 750
239 656
239 1041
239 932
239 295
239 296
239 684
239 1074
239 714
239 844
239 339
239 472
239 985
239 490
239 366
239 240
239 242
239 243
239 250
239 251
240 1067
240 398
240 1072
240 674
240 295
240 1064
240 1065
240 688
240 1073
240 307
240 1063
240 326
240 741
240 490
240 363
240 365
240 366
240 753
240 243
240 758
240 636
240 638
241 740
241 742
241 682
241 490
241 743
241 694
242 490
242 1067
242 844
242 1074
242 366
242 243
243 717
243 843
243 838
243 295
243 1074
243 844
243 490
243 651
243 753
243 1067
243 1068
243 251
243 316
244 1040
244 332
245 288
245 736
245 593
245 1011
245 246
245 924
246 288
246 717
246 657
247 736
247 257
247 642
247 291
247 1084
247 715
247 876
247 941
247 786
247 899
247 342
247 1113
247 634
247 957
248 442
248 594
248 287
250 295
250 490
250 587
250 1069
250 750
250 1074
250 339
250 918
250 472
250 251
250 714
251 1074
251 518
251 295
251 552
251 844
251 490
251 717
251 944
251 466
251 404
251 366
251 406
251 722
251 316
251 714
252 1121
252 434
253 656
254 276
254 1131
255 387
255 260
255 846
255 767
258 322
258 807
258 328
258 797
258 887
258 1019
258 378
260 936
260 846
260 434
263 842
263 1068
263 398
263 1073
264 739
264 1068
264 842
264 398
265 363
265 637
266 363
267 1068
267 739
267 268
268 872
268 361
268 748
269 603
270 480
270 736
270 387
270 846
270 583
270 840
270 558
270 1032
270 686
270 471
270 508
270 767
271 620
272 585
272 618
272 1115
272 293
273 392
273 618
273 891
274 968
275 677
275 618
275 861
275 435
275 509
276 587
276 594
276 618
276 355
276 387
276 589
276 847
276 436
276 942
276 1078
276 408
276 356
276 995
276 677
277 962
277 291
278 533
278 959
279 961
279 622
280 329
280 961
281 770
281 437
281 1013
283 970
284 384
284 428
284 437
284 476
285 491
285 388
285 389
285 650
285 1043
285 286
285 288
285 292
285 678
285 295
285 554
285 557
285 1117
285 307
285 1079
285 580
285 966
285 586
285 1101
285 1102
285 847
285 464
285 338
285 345
285 347
285 349
285 350
285 351
285 352
285 1123
285 367
285 369
285 635
286 928
286 962
286 491
286 932
286 1097
286 555
286 560
286 1035
286 1131
286 889
286 860
287 651
287 491
287 760
287 721
287 754
287 723
287 405
287 598
287 763
288 353
288 290
288 355
288 292
288 388
288 427
288 907
288 925
288 593
288 938
288 1123
288 535
288 356
288 1079
288 491
289 1040
289 290
289 491
290 387
290 388
290 645
290 861
290 528
290 406
290 924
290 413
290 426
290 684
290 435
290 437
290 581
290 469
290 342
290 1040
290 491
290 621
290 624
290 499
290 638
291 651
291 491
291 492
291 941
291 719
291 560
291 1035
291 991
291 860
292 389
292 653
292 1038
292 600
292 1043
292 932
292 677
292 307
292 694
292 1079
292 440
292 962
292 709
292 584
292 1100
292 1101
292 467
292 348
292 357
292 362
292 491
292 1134
292 753
292 767
293 656
293 930
293 1115
293 677
293 815
293 585
293 843
293 892
293 819
293 885
293 1046
293 1047
293 730
293 571
293 816
293 1022
293 575
294 465
294 927
295 750
295 918
295 556
295 650
295 651
295 534
295 1069
295 1070
295 1074
295 838
295 652
295 714
295 844
295 722
295 490
295 363
295 366
295 753
296 490
297 1121
297 930
297 425
297 564
297 661
297 727
297 1114
297 757
298 776
298 730
298 930
299 930
300 930
301 896
301 1043
301 491
301 992
301 990
301 496
301 305
301 722
301 307
301 302
301 920
301 622
301 926
301 991
302 496
303 995
303 996
303 1040
303 993
303 730
303 491
303 1107
303 994
303 496
303 561
303 306
303 499
303 372
303 473
304 997
304 561
304 493
304 1107
304 469
304 987
304 383
305 399
305 400
305 401
305 402
305 916
305 1047
305 408
305 409
305 541
305 927
305 545
305 934
305 1095
305 861
305 561
305 307
305 1094
305 929
305 1098
305 1101
305 464
305 723
305 724
305 1081
305 729
305 602
305 731
305 732
305 733
305 734
305 735
305 736
305 496
306 561
306 491
306 493
306 496
306 498
306 1107
306 673
306 602
306 383
307 399
307 1040
307 913
307 914
307 915
307 917
307 918
307 919
307 920
307 923
307 540
307 496
307 1094
307 934
307 561
307 924
307 559
307 1097
307 1099
307 1100
307 1098
307 469
307 889
307 735
307 495
307 1043
307 890
307 891
307 892
307 1102
308 896
308 778
308 914
308 730
308 930
308 960
308 777
308 822
308 311
308 959
308 448
308 620
308 450
308 963
308 968
308 969
308 469
308 602
308 894
308 617
308 492
308 493
308 494
308 497
308 885
308 886
308 895
308 893
310 650
310 651
310 652
310 653
310 656
310 657
310 988
311 648
311 649
311 654
311 527
311 528
311 529
311 530
311 531
311 532
311 533
311 538
311 822
311 446
311 1093
311 526
311 857
311 602
311 655
311 862
311 494
312 741
312 327
312 1065
312 1100
312 950
312 313
312 314
313 611
313 612
313 326
313 1073
313 842
313 1100
313 691
313 950
313 314
313 636
314 1100
314 741
315 368
315 1099
315 975
315 367
316 545
316 546
316 907
316 1094
316 714
316 651
316 1102
316 1042
316 949
316 695
317 588
317 717
317 1102
317 786
317 342
317 600
317 766
318 932
318 455
318 843
318 1102
318 946
318 948
319 391
319 780
319 530
319 542
319 559
319 955
319 589
319 1102
319 592
319 850
319 858
319 862
319 863
319 870
319 626
319 371
319 373
319 886
321 1129
322 766
322 789
323 630
324 691
324 694
325 738
325 342
325 821
326 674
326 363
326 327
326 842
326 1100
326 824
326 594
326 597
326 1043
326 696
326 794
326 636
326 701
326 638
327 1072
327 674
327 636
327 1100
327 656
327 824
327 691
327 349
328 1019
328 717
328 797
329 544
329 961
329 530
329 533
329 1110
329 857
330 770
331 1082
332 628
332 426
333 992
333 705
333 456
333 1102
333 688
333 689
333 692
333 694
334 672
334 401
334 1101
334 462
334 479
335 406
336 923
336 406
336 847
337 1038
338 678
338 936
338 1101
338 1102
338 527
338 1073
338 344
338 767
339 1101
339 744
339 844
339 1074
339 752
339 722
339 472
339 633
339 540
340 1101
341 930
341 931
341 356
341 1098
341 556
341 1101
341 975
341 722
341 406
341 728
342 385
342 785
342 786
342 919
342 792
342 793
342 411
342 709
342 555
342 437
342 440
342 821
342 1101
342 975
342 980
342 344
342 742
342 1084
342 362
342 759
342 634
343 1066
343 1079
343 1101
343 535
344 387
344 388
344 651
344 656
344 1043
344 405
344 535
344 516
344 539
344 923
344 934
344 1066
344 555
344 437
344 457
344 696
344 372
344 828
344 1090
344 581
344 582
344 840
344 458
344 1079
344 1101
344 1102
344 697
344 997
344 638
344 767
345 459
345 388
345 460
345 1101
345 975
345 915
345 1079
345 511
346 523
346 1129
346 427
346 1118
346 1131
347 1120
347 1121
347 1123
347 900
347 1062
347 1034
347 1131
347 594
347 600
347 1017
348 743
348 714
348 1069
348 918
348 740
349 808
349 942
349 847
349 632
349 607
350 1123
350 580
350 613
350 1030
350 586
350 1003
350 562
350 388
350 900
350 1062
350 1020
351 416
351 840
351 973
351 656
351 1000
351 441
352 437
353 641
353 898
353 1092
353 426
353 924
353 671
355 704
356 582
356 950
356 437
357 1102
358 930
358 688
358 1073
358 691
358 692
358 951
358 824
358 953
358 954
358 827
358 456
358 1102
358 977
358 466
358 825
358 826
358 992
358 994
358 753
358 891
359 384
359 737
359 738
359 555
359 770
359 437
360 385
360 363
360 939
360 1084
360 1085
360 709
360 712
360 974
360 725
360 983
360 728
360 986
360 605
360 1119
360 737
360 738
360 747
360 748
360 889
360 894
361 456
361 1102
361 872
361 371
361 1029
362 651
362 1102
362 980
362 440
362 766
363 1029
363 657
363 406
363 549
363 552
363 556
363 824
363 1077
363 695
363 696
363 957
363 958
363 716
363 1102
363 1068
363 597
363 470
363 872
363 753
363 764
363 637
364 1025
364 676
364 582
364 1004
364 1102
364 1080
364 917
364 952
364 516
364 868
365 398
365 1107
365 406
365 695
366 552
366 714
366 490
366 844
366 1074
366 1102
366 1107
366 1077
367 386
367 387
367 388
367 389
367 1042
367 404
367 406
367 539
367 932
367 427
367 435
367 437
367 1079
367 1094
367 1098
367 724
367 997
367 498
367 1107
368 387
368 397
368 538
368 924
368 413
368 427
368 688
368 444
368 448
368 966
368 1107
368 469
368 730
368 990
368 995
368 499
369 934
369 1101
369 1037
369 466
369 1107
370 539
370 870
370 424
370 811
370 723
370 606
371 530
371 531
371 1048
371 542
371 424
371 559
371 1107
371 858
371 863
371 870
371 624
371 626
372 1107
372 975
372 499
372 437
373 1065
373 859
374 860
374 589
375 683
375 860
375 691
376 488
376 651
376 657
376 863
377 672
377 856
377 863
378 878
378 1028
378 1019
378 860
378 797
378 863
379 870
379 542
379 543
379 828
379 862
379 863
380 539
381 870
382 857
382 412
383 561
383 1107
384 476
384 428
384 466
384 765
385 643
385 759
385 957
386 884
387 1032
387 522
387 686
387 406
387 924
387 967
387 558
387 435
387 438
387 583
387 973
387 846
387 463
387 471
387 480
387 881
387 404
387 767
387 508
388 580
388 404
388 535
388 907
388 464
388 593
388 923
388 951
388 399
388 586
388 1079
389 763
389 842
389 687
389 1079
389 537
390 559
391 448
391 571
391 547
391 453
391 779
391 780
391 559
391 592
391 530
391 886
391 697
391 447
392 1088
392 559
392 594
392 534
392 600
393 523
393 559
394 898
395 839
396 876
397 581
397 470
398 1029
398 787
398 1068
398 1073
398 1077
398 842
398 739
398 637
398 638
399 1092
399 1098
399 684
399 1101
399 400
399 1081
399 408
400 1094
400 844
400 1101
400 1102
400 401
400 408
401 672
401 418
401 932
401 950
401 663
401 462
401 1061
402 1101
403 1001
403 498
403 635
403 717
404 656
404 1042
404 406
404 924
404 1075
404 932
404 677
404 435
404 439
404 1093
404 1094
404 1098
404 469
404 1061
404 1120
404 1131
404 1005
404 498
404 632
404 764
405 514
405 760
405 754
405 721
405 498
405 446
406 664
406 861
406 1074
406 435
406 856
406 992
406 999
406 624
406 753
406 498
406 758
408 677
408 975
408 1101
408 891
408 732
408 925
409 995
413 728
413 994
413 975
414 727
416 435
416 767
416 669
417 768
417 435
417 660
417 949
417 439
417 596
418 672
418 611
418 998
418 519
418 663
418 589
418 462
418 725
418 950
419 728
419 749
419 556
419 557
419 725
420 725
421 427
421 644
421 1127
421 874
421 523
421 1034
421 852
421 725
421 1002
421 1118
422 727
423 438
423 840
423 970
423 656
423 435
423 726
424 1043
424 811
424 727
424 942
424 858
424 669
424 606
425 961
425 648
425 748
425 727
425 986
426 932
426 1008
426 593
426 628
426 443
426 671
427 644
427 1034
427 523
427 659
427 1050
427 1051
427 1053
427 1054
427 1055
427 1057
427 932
427 941
427 1056
427 975
427 1117
427 1118
427 1120
427 1127
427 1129
427 1002
428 520
428 437
428 476
429 737
429 738
429 437
431 1089
432 770
433 770
433 466
433 907
433 437
434 581
434 647
434 936
434 748
434 967
434 669
434 933
435 917
435 675
435 932
435 558
435 438
435 439
435 580
435 581
435 455
435 840
435 997
435 480
435 485
435 630
435 632
436 1120
436 932
436 1034
437 770
437 520
437 1041
437 932
437 934
437 960
437 717
437 975
437 476
437 737
437 738
437 1013
437 631
438 480
438 932
438 556
438 846
438 471
438 508
439 866
439 932
439 997
440 642
440 651
440 657
440 932
440 634
440 766
441 1066
441 738
441 932
441 997
441 599
441 733
441 757
441 724
441 671
441 650
443 715
443 1061
443 671
444 492
445 963
445 965
445 968
445 492
445 574
446 776
446 617
446 492
446 968
447 492
447 469
448 866
448 966
448 550
448 968
448 620
448 871
448 492
448 559
448 530
448 469
448 697
448 468
448 780
449 492
450 968
450 492
450 775
450 617
451 492
451 782
452 775
452 968
452 617
452 492
452 1033
453 754
453 492
454 696
454 674
454 549
455 1025
455 582
455 1000
455 1066
455 1004
455 465
455 917
456 1064
456 951
456 972
456 503
456 664
456 953
456 826
456 827
457 586
457 583
458 741
461 833
461 803
461 997
461 839
461 489
461 955
462 672
462 753
462 695
462 950
462 663
462 597
464 554
464 907
464 525
464 723
464 932
464 924
465 665
465 1066
465 478
466 779
466 1036
466 1037
466 674
466 677
466 550
466 552
466 1068
466 688
466 691
466 1080
466 865
466 593
466 470
466 855
466 472
466 476
466 477
466 737
466 934
466 488
466 620
466 495
466 627
467 711
467 924
467 715
467 495
467 472
467 559
467 476
467 541
468 963
468 966
468 550
468 968
468 650
468 492
468 603
469 896
469 776
469 1033
469 621
469 624
469 932
469 942
469 968
469 730
469 864
469 867
469 492
470 934
470 552
470 1037
470 495
470 627
470 764
471 480
471 580
471 583
471 1032
471 970
471 967
471 717
471 495
471 508
471 767
472 918
472 779
472 534
472 495
472 934
472 552
472 682
472 1074
472 696
472 962
472 1093
472 714
472 844
472 717
472 477
472 868
472 744
472 722
472 633
472 1023
473 738
473 603
473 869
473 710
473 763
473 552
473 554
473 495
473 1104
473 499
473 975
473 639
474 513
474 674
474 515
474 1029
474 716
474 696
474 506
474 701
476 934
476 552
476 972
476 971
476 717
476 495
476 770
477 552
477 714
477 779
477 1036
477 1037
477 495
478 610
479 736
479 715
479 717
479 984
479 917
480 846
480 583
480 558
480 942
480 967
480 1032
480 508
480 767
481 669
482 953
483 752
484 609
485 632
487 640
487 580
488 802
488 1010
488 855
488 651
488 603
488 764
489 833
490 1074
490 1075
490 561
490 1077
491 1097
491 555
491 496
491 498
491 499
491 561
491 673
492 773
492 774
492 775
492 776
492 777
492 778
492 779
492 780
492 781
492 782
492 493
492 963
492 559
492 619
492 620
492 494
492 495
493 552
493 561
493 1077
493 1078
493 1079
493 1080
493 1081
493 1082
493 1083
493 1076
493 1097
493 1107
493 602
493 605
493 494
493 496
493 888
494 1049
494 1048
494 537
494 538
494 539
494 540
494 541
494 542
494 543
494 544
494 545
494 546
494 551
494 858
494 822
494 1107
494 561
494 856
494 857
494 602
494 859
494 860
494 861
494 862
494 863
494 928
494 870
494 871
494 619
494 623
494 625
495 552
495 620
495 778
496 1043
496 561
496 1107
496 499
496 1044
496 1042
497 960
497 1045
497 1046
497 1047
498 1099
498 1094
498 499
498 1042
498 1101
498 561
499 1040
499 1041
499 730
499 561
499 968
499 1101
500 986
500 678
502 717
503 1106
504 608
504 1122
504 614
504 1034
504 1103
504 1014
504 986
506 513
506 674
506 515
506 1029
506 705
506 716
506 696
506 701
508 1032
508 1034
508 907
508 788
508 678
508 579
508 838
508 967
508 846
508 1038
508 982
508 603
508 733
508 754
508 767
509 1059
509 587
509 975
509 690
509 950
509 696
509 638
510 1080
510 516
510 582
511 1036
512 997
512 943
512 535
513 674
513 515
513 1029
513 716
513 701
513 597
513 696
515 674
515 1029
515 716
515 701
515 597
515 696
516 1080
517 984
517 678
518 673
518 1132
518 746
518 748
518 557
518 749
518 722
518 986
518 751
519 800
519 992
519 998
519 841
519 823
520 770
521 766
522 846
523 801
523 1002
523 1132
523 941
523 1127
523 1117
523 1082
523 852
523 568
523 1051
523 1053
523 1118
524 866
524 844
524 1111
525 760
526 551
526 648
526 588
526 528
526 533
526 1110
526 540
527 577
527 1094
527 929
527 528
527 1043
527 532
527 624
528 624
528 537
528 1093
528 648
528 681
528 587
528 588
528 529
528 732
528 532
528 655
528 975
529 778
529 781
529 782
529 532
529 541
529 560
529 697
529 1088
529 1093
529 545
529 1038
529 655
529 992
530 780
530 541
530 544
530 547
530 697
530 928
530 1093
530 717
530 863
530 626
530 886
531 1093
531 681
531 532
531 539
531 863
532 624
532 1093
532 681
532 538
533 648
534 645
534 652
534 653
534 911
534 934
534 691
534 843
534 594
534 597
534 993
534 618
534 621
534 632
534 891
535 994
535 978
535 730
536 781
537 928
537 1092
537 1126
537 861
537 731
537 538
537 734
537 1093
538 541
538 1093
538 928
538 624
538 683
538 560
538 959
538 837
538 929
538 857
538 734
538 1126
539 856
539 914
539 542
539 544
539 545
539 546
539 859
539 683
539 861
539 697
539 857
539 731
539 860
539 862
539 1128
539 752
539 707
539 959
540 706
540 714
540 914
540 541
540 752
540 722
540 633
541 1048
541 545
541 930
541 554
541 683
541 914
541 1088
541 1093
541 590
541 858
541 860
541 861
541 624
541 959
542 959
542 1048
542 543
542 544
542 545
542 697
542 828
542 704
542 961
542 589
542 856
542 858
542 859
542 862
542 863
542 870
542 626
542 886
543 870
543 623
543 766
543 828
543 863
544 928
544 863
544 859
544 1125
544 682
544 589
544 624
544 697
544 860
545 906
545 910
545 928
545 683
545 861
545 959
545 1088
545 589
545 1101
545 984
546 857
546 858
547 859
547 858
547 655
547 886
547 1049
547 857
547 699
547 606
549 992
549 705
549 835
549 748
549 688
549 689
549 692
549 695
550 966
550 968
550 617
550 779
550 780
550 720
550 888
551 928
551 645
551 713
551 888
552 768
552 1024
552 1023
552 1032
552 1034
552 1035
552 1036
552 1037
552 1038
552 656
552 918
552 559
552 924
552 934
552 1033
552 962
552 1093
552 969
552 714
552 715
552 716
552 846
552 620
552 888
552 764
552 767
553 1031
553 844
553 1074
553 918
553 888
553 766
554 896
554 753
554 604
554 750
554 888
554 764
554 603
554 624
555 923
555 598
555 1097
555 888
555 979
555 600
555 594
555 595
555 638
555 599
555 601
555 724
555 767
555 645
556 982
556 647
556 917
556 927
556 673
556 930
556 1098
556 936
556 937
556 938
556 939
556 940
556 944
556 945
556 935
556 931
556 842
556 845
556 847
556 976
556 722
556 675
556 596
556 726
556 983
556 605
556 747
556 748
556 889
556 894
556 597
557 673
557 941
557 1098
557 749
557 722
557 726
557 986
557 975
557 927
558 846
558 1038
558 717
558 686
559 1088
559 779
559 924
559 683
559 968
559 710
559 711
559 717
559 718
559 1107
559 623
559 959
560 1088
560 1093
560 718
560 719
560 624
560 888
561 928
561 673
561 932
561 933
561 934
561 1095
561 935
561 1093
561 1094
561 929
561 1096
561 1097
561 1098
561 1099
561 1100
561 1101
561 1102
561 1107
561 602
562 1121
562 900
562 1003
562 1017
562 1020
563 1121
564 1121
564 661
565 665
565 865
566 1117
567 1115
567 811
568 1002
568 1117
568 1103
569 708
569 746
569 753
569 946
569 948
570 641
571 592
571 1045
571 1046
572 1047
573 963
574 965
574 968
574 969
574 1023
575 960
575 585
575 843
575 813
575 885
577 843
577 723
578 949
579 809
580 1123
580 586
580 917
581 1078
581 656
581 632
582 1025
582 899
582 952
582 1080
583 881
583 767
584 677
584 843
584 621
584 885
585 843
585 904
585 905
585 621
585 1115
585 885
585 735
586 843
586 778
586 620
586 1123
587 870
587 861
587 621
588 624
588 707
588 648
588 950
589 707
589 862
589 837
589 870
589 863
589 626
589 851
589 858
590 699
590 870
590 623
590 591
590 828
591 837
591 870
591 1128
591 623
591 859
592 897
592 955
592 812
592 780
592 626
593 665
593 671
594 891
594 645
594 618
594 842
594 874
594 1069
594 691
594 975
595 684
596 997
596 603
597 674
597 1029
597 1072
597 1065
597 696
597 891
599 840
600 1127
600 618
600 1069
600 765
600 856
601 975
601 1023
602 1101
602 822
603 1120
603 764
603 1047
603 1038
603 664
603 632
603 753
603 1034
603 754
603 767
605 647
605 983
605 728
605 927
605 673
605 930
605 931
605 939
605 684
605 1098
605 726
605 870
605 746
605 751
605 764
606 859
606 811
606 655
606 1049
606 857
606 699
607 1034
607 1134
607 979
607 1129
607 873
608 1120
608 1062
608 1132
608 847
608 1105
608 820
608 1014
608 1017
609 986
610 982
611 741
611 1064
613 635
614 1121
614 1034
614 1103
614 1011
615 986
616 986
616 748
617 773
617 775
617 776
617 1033
617 778
617 781
617 822
618 896
618 822
618 843
618 975
618 885
618 732
619 822
620 962
620 930
620 966
620 934
620 969
620 822
620 1023
621 896
621 677
621 975
621 822
621 735
622 822
623 834
623 959
623 870
623 838
623 822
623 828
624 902
624 929
624 932
624 822
624 959
624 928
624 1093
624 975
624 856
624 992
624 994
624 886
625 655
625 822
626 910
626 766
626 822
627 971
630 826
632 1038
632 656
632 917
632 678
632 936
632 1097
632 1079
632 844
632 976
632 748
632 1005
633 714
633 843
633 1097
633 841
634 1090
634 676
634 1097
634 821
635 1120
635 1030
635 712
635 1097
635 1066
635 1079
635 724
636 944
636 1100
636 972
637 1068
637 674
637 1100
637 1077
637 638
638 688
638 987
638 1100
638 1068
638 951
638 696
638 932
639 1098
639 1100
639 842
640 840
641 736
641 1121
641 974
641 665
641 927
642 1057
643 759
643 957
643 998
644 1097
644 1034
644 852
644 1002
644 1118
645 891
645 950
645 713
645 723
645 1097
645 731
645 931
647 760
647 1073
647 945
647 1032
647 748
647 749
647 974
647 721
647 937
647 728
647 986
647 751
647 894
650 772
650 1094
650 653
650 1102
650 1042
650 764
651 804
651 807
651 657
652 988
652 653
653 995
653 988
653 831
655 929
655 1093
656 1032
656 917
656 932
656 678
656 942
656 840
656 844
656 726
656 733
656 934
656 1005
657 766
659 1050
659 1118
661 1121
661 974
661 927
663 672
663 950
663 796
664 942
665 865
665 927
666 667
666 885
666 813
666 735
667 843
667 885
667 677
667 735
668 1066
668 731
669 806
669 909
669 805
669 760
669 766
669 735
670 896
670 735
671 736
671 1092
671 984
671 1066
672 1040
672 950
672 696
673 926
673 927
673 930
673 931
673 939
673 1098
673 721
673 722
673 725
673 726
673 727
673 728
673 730
674 1029
674 1065
674 1072
674 692
674 696
674 701
674 716
674 753
675 678
675 711
675 840
675 679
675 973
675 1101
675 917
675 733
676 1101
676 821
676 1085
677 896
677 905
677 910
677 783
677 784
677 790
677 812
677 942
677 1096
677 960
677 1094
677 843
677 932
677 1115
677 735
677 868
677 760
677 766
678 1043
678 788
678 917
678 1061
678 686
678 1094
678 844
678 1101
678 847
678 726
678 933
678 915
679 868
679 844
679 973
679 788
679 917
679 932
680 860
680 933
681 1093
681 1049
681 857
681 699
681 858
682 928
682 1128
682 860
683 1088
683 1093
683 861
683 776
683 854
684 932
684 1097
684 1079
684 917
684 764
684 789
685 921
685 842
685 715
685 1092
686 846
686 970
686 1061
688 1073
688 689
688 690
688 691
688 692
688 693
688 694
688 824
688 705
688 1102
688 992
688 753
689 800
689 705
689 1102
689 717
689 690
689 691
689 692
689 693
689 694
689 992
689 1086
690 992
690 753
690 841
690 1100
690 1102
690 691
690 693
690 694
691 692
691 693
691 694
691 823
691 824
691 705
691 717
691 1102
691 992
691 998
692 992
692 705
692 1102
692 693
692 694
692 998
693 992
693 1073
693 753
693 1100
693 1102
693 694
694 992
694 1102
695 872
695 1102
696 1029
696 1068
696 1072
696 701
696 842
696 716
696 1102
696 758
697 1065
697 699
697 702
697 959
697 928
697 1093
697 1102
697 850
697 859
697 871
699 704
699 834
699 886
699 1049
699 859
699 858
700 834
700 1065
701 1029
701 716
702 886
702 862
704 834
704 838
705 800
705 823
705 827
707 870
708 946
708 948
709 821
711 1006
712 1119
713 1088
714 918
714 1074
714 844
714 750
714 752
714 766
715 736
715 1092
716 1029
717 1034
717 909
717 883
717 823
717 845
717 857
717 862
717 1043
717 737
717 738
717 1019
717 1032
721 939
721 760
721 754
721 755
721 728
721 1119
722 750
722 918
722 927
722 930
722 931
722 939
722 1098
722 1101
722 726
722 727
722 1132
722 752
722 753
723 994
723 929
723 1128
723 1097
723 910
723 1094
724 1030
724 1004
724 1101
725 1131
725 1121
725 1129
725 747
725 1132
725 939
725 974
725 1123
725 931
725 728
725 889
725 1119
726 930
726 931
726 1098
726 983
726 889
726 927
727 930
727 974
727 1114
727 889
727 893
727 1119
728 1098
728 747
728 939
728 974
728 760
728 889
728 1119
730 773
730 774
730 943
730 942
730 822
730 962
730 843
731 928
731 1097
731 734
732 995
733 933
733 844
733 1006
733 1007
733 1038
733 982
735 896
735 930
735 843
735 960
735 1115
736 927
736 1009
736 924
736 1008
738 770
739 1068
741 1064
742 1013
744 750
744 794
745 1074
746 748
746 749
746 751
746 986
747 939
747 974
747 889
747 1119
748 944
748 1032
748 986
749 1030
749 1132
749 986
749 894
749 1119
750 844
750 752
751 939
751 894
752 914
752 918
752 861
753 1068
753 1073
753 824
753 827
753 825
753 977
753 953
754 763
754 843
754 845
754 1013
754 856
754 760
757 769
757 975
757 847
757 923
758 781
758 1073
759 878
759 821
759 792
759 957
760 928
760 842
760 959
760 767
761 961
761 929
763 907
763 764
764 1060
764 934
765 934
766 783
766 922
766 929
766 959
766 838
766 843
766 842
766 1115
766 992
766 767
767 934
767 846
768 934
768 949
768 1052
769 932
770 934
770 971
770 1013
771 934
772 1061
772 1031
772 988
773 968
773 969
774 968
774 963
774 1114
775 963
775 776
775 778
775 782
775 968
775 1033
775 777
776 968
776 778
777 962
777 963
777 942
777 782
778 963
778 968
778 966
778 782
778 942
778 1033
779 962
779 968
780 966
781 963
781 966
781 968
781 847
781 1115
785 1084
786 899
786 876
787 842
788 840
788 973
791 881
795 1014
797 807
797 887
797 1019
798 850
799 869
800 998
803 955
803 866
803 839
807 878
807 1019
808 1056
808 852
810 909
812 896
813 885
814 896
815 896
815 897
815 1115
816 896
816 905
816 1134
817 896
818 896
819 896
819 1115
819 843
819 1108
820 1120
821 1090
821 1085
822 959
822 960
822 961
822 962
822 963
822 964
822 965
822 966
822 968
822 969
823 992
823 998
823 841
824 992
825 992
826 992
826 977
826 951
826 953
826 954
826 827
827 992
827 977
827 951
827 953
828 959
829 993
830 995
830 1109
830 975
831 832
831 995
832 995
834 1049
836 872
836 1068
837 870
837 861
837 950
838 972
838 1080
839 955
840 1090
840 997
840 844
840 1101
840 984
840 917
841 843
841 998
842 1068
842 1061
842 1065
842 1077
842 1090
842 843
842 1092
842 844
842 1102
843 1046
843 909
843 1091
843 942
843 1097
843 963
843 1101
843 1102
843 1115
843 1124
843 872
843 873
843 885
843 892
843 1061
844 933
844 1016
844 1092
844 1094
844 1101
844 1102
844 1098
844 868
844 934
844 917
845 933
845 1101
845 936
845 1038
845 973
845 1009
845 1061
846 1032
847 932
847 1063
847 1098
847 1006
847 923
847 930
848 1048
849 1048
850 871
851 870
852 1057
852 1127
852 1002
852 1042
852 1034
852 874
853 1043
853 1012
854 928
854 1128
854 929
856 950
856 1049
857 942
857 1076
857 1110
857 858
857 859
858 959
858 1048
858 1049
858 859
858 862
858 863
858 870
858 886
859 870
859 1049
859 886
859 863
860 907
860 959
860 928
860 1093
860 863
860 996
860 1126
860 1128
860 891
860 893
861 914
861 928
861 959
861 975
862 863
862 902
862 870
862 886
863 1048
863 928
863 870
863 1128
866 997
867 1034
868 917
870 1048
870 1065
870 1128
870 886
872 1068
872 958
873 1058
873 1034
873 1133
873 1134
873 979
874 1002
874 1127
875 1084
875 878
876 899
878 1019
878 1084
878 922
885 909
886 928
886 959
886 893
886 1049
887 1019
888 1107
889 930
889 931
889 1098
889 939
889 974
889 983
889 1099
889 986
889 1119
889 927
891 975
891 1072
891 1065
891 920
893 930
894 944
894 1119
895 914
896 1035
896 932
896 960
896 1115
900 1002
900 1003
900 1103
900 1017
900 1020
901 959
902 959
902 942
902 903
905 960
905 1134
905 1022
905 1046
905 1115
906 994
906 959
907 1032
907 1079
907 959
908 1047
908 959
909 963
909 956
910 966
911 960
912 960
912 1046
913 1002
913 1003
913 1034
915 1101
917 1038
917 934
917 1078
917 984
918 1074
920 996
920 1012
922 1019
923 1101
923 1092
923 989
924 925
924 932
924 1078
924 959
924 1093
924 1099
924 933
924 1011
925 1078
926 1119
927 930
927 931
927 1098
927 939
927 974
927 983
928 1093
928 933
928 929
928 1125
928 1126
928 1127
928 1128
928 1061
929 1093
930 939
930 983
930 931
930 963
930 1098
930 1114
930 1115
930 1116
931 939
931 1098
931 983
931 1117
931 1118
931 1119
931 1120
931 1121
931 1122
931 1123
931 1129
931 1130
931 1131
931 1132
931 1133
931 1134
932 1042
932 1094
932 1098
932 1100
932 1081
933 934
933 1101
934 1093
934 1097
934 1101
936 1061
939 1121
939 1098
939 1119
940 997
942 1043
942 962
942 966
942 968
950 1040
950 1029
950 975
951 1073
951 977
951 953
953 1073
953 977
954 1073
958 1068
959 1093
959 994
959 996
960 1046
960 1045
962 965
962 968
962 969
962 1023
963 968
963 965
965 1023
966 968
968 1033
968 1023
969 1023
971 998
973 1038
974 1098
974 984
974 1119
975 1050
975 978
975 1098
978 1112
979 1034
979 1097
979 1014
980 1097
980 1085
981 1097
982 1097
983 1098
984 997
984 1097
985 1098
986 1132
986 1098
987 1133
990 1122
990 1003
992 1093
992 1102
992 998
994 1072
994 996
994 997
997 1006
1002 1127
1002 1034
1002 1118
1003 1123
1003 1017
1003 1020
1004 1061
1010 1084
1014 1034
1014 1035
1014 1071
1017 1121
1017 1131
1017 1062
1017 1020
1018 1057
1020 1123
1021 1121
1025 1080
1025 1066
1026 1080
1027 1082
1029 1073
1029 1083
1030 1080
1032 1038
1034 1123
1034 1121
1034 1117
1034 1120
1034 1133
1034 1130
1035 1062
1035 1118
1036 1037
1039 1074
1040 1099
1042 1092
1042 1094
1043 1097
1054 1121
1056 1120
1057 1118
1058 1133
1058 1134
1061 1102
1062 1123
1065 1072
1065 1073
1066 1080
1066 1102
1067 1074
1071 1129
1071 1118
1080 1090
1081 1102
1088 1102
1092 1102
1092 1097
1092 1098
1094 1097
1094 1101
1094 1102
1095 1101
1096 1098
1096 1101
1097 1102
1098 1099
1098 1101
1100 1102
1117 1121
1117 1123
1118 1120
1118 1121
1118 1129
1119 1132
1120 1121
1121 1129
1121 1131
1121 1134
1123 1133
1132 1134
1133 1134
1135 1505
1135 1287
1135 1238
1135 1660
1135 1373
1135 1951
1136 1667
1136 1478
1136 2215
1136 1769
1136 1994
1136 1547
1136 2060
1136 1618
1136 2126
1136 1650
1136 2131
1136 2249
1136 1371
1136 1563
1136 1340
1136 1850
1136 1182
1136 1695
1137 1738
1137 1890
1137 1467
1137 1459
1137 1855
1138 1154
1138 1603
1138 2122
1138 1291
1138 1230
1138 2225
1138 2163
1138 1243
1138 2239
1139 1281
1139 1732
1139 2230
1139 1734
1139 1451
1139 1613
1139 2223
1139 1750
1139 2193
1139 1938
1139 1685
1139 2038
1140 2180
1140 1670
1140 1671
1140 2193
1140 1811
1140 1556
1140 1314
1140 2214
1140 1961
1140 2224
1140 1590
1140 1592
1140 1211
1140 1744
1140 1236
1140 1771
1140 1264
1140 1398
1140 1577
1140 2047
1140 1663
1141 1619
1141 1331
1141 1549
1141 2197
1142 2035
1142 1853
1143 1249
1143 1538
1143 1162
1143 1710
1143 1654
1143 1367
1143 1626
1143 2203
1143 1437
1144 1512
1144 1688
1144 1220
1145 1581
1145 2162
1145 2090
1145 1356
1145 1837
1145 1327
1145 1266
1145 1906
1145 2133
1145 1338
1145 2044
1145 1885
1145 1925
1146 2208
1146 1189
1146 1417
1146 2027
1146 1932
1146 1838
1146 1264
1146 1550
1146 1545
1146 2137
1147 1569
1147 2114
1147 1812
1147 1767
1148 1417
1149 1283
1149 1829
1149 1414
1149 2250
1149 1734
1149 1521
1149 1779
1149 1594
1150 1793
1150 1805
1150 1369
1151 1504
1151 1540
1151 2070
1151 1462
1151 1292
1151 1454
1151 1519
1151 1617
1151 1845
1151 1877
1151 1595
1151 1694
1151 1375
1152 1957
1152 2220
1152 1964
1152 2063
1152 1460
1152 1942
1152 1303
1152 1381
1153 1536
1153 1835
1153 1383
1153 1451
1153 1775
1153 2095
1153 1743
1154 1281
1154 1538
1154 1413
1154 2029
1154 1805
1154 1581
1154 1681
1154 1262
1154 1820
1154 1181
1154 1311
1154 1440
1154 1574
1154 1905
1154 1962
1154 1837
1154 2229
1154 1975
1154 2245
1154 1349
1154 1224
1154 1610
1154 1485
1154 1999
1154 2001
1154 2258
1154 2133
1154 1753
1154 1243
1154 1631
1154 1898
1154 1901
1154 2030
1154 2033
1154 1779
1154 1654
1154 2041
1155 1312
1155 1537
1155 1925
1155 2184
1155 1642
1155 1644
1155 2260
1155 1720
1155 1242
1155 2044
1155 1470
1156 1697
1156 1451
1156 1626
1156 1201
1156 2110
1156 1676
1156 1357
1156 1775
1156 1976
1156 2041
1156 1873
1156 2229
1156 1750
1156 1591
1156 2201
1156 1433
1156 1658
1156 1839
1156 1949
1156 1502
1156 1439
1157 1875
1157 2179
1158 1733
1158 1702
1158 1608
1158 1417
1158 1610
1158 1325
1158 2164
1158 1590
1158 1945
1158 1628
1158 2149
1158 1311
1159 1216
1159 2049
1159 1412
1159 1287
1159 2151
1159 1208
1159 2202
1159 1275
1159 1946
1159 1919
1160 2200
1160 1457
1160 1839
1161 1200
1161 1241
1161 1589
1161 1342
1161 1773
1162 1336
1162 1459
1162 1951
1163 1952
1163 1581
1163 2029
1164 1667
1164 1573
1164 1190
1164 1227
1164 1868
1164 1520
1164 2131
1164 1716
1164 2231
1164 1787
1164 2044
1164 1501
1164 1854
1165 2200
1165 1626
1165 1581
1166 2177
1167 1601
1167 1924
1167 1222
1167 1608
1167 1417
1167 2093
1167 1488
1167 1684
1167 2238
1167 1909
1167 2041
1167 1628
1167 1776
1167 1822
1167 2207
1168 2050
1168 1188
1168 2065
1168 1329
1168 1303
1168 1432
1168 1434
1168 1179
1168 1853
1169 2008
1170 2225
1170 1827
1171 1642
1171 1613
1171 1839
1171 2004
1171 1238
1171 1172
1171 2202
1171 2203
1171 1660
1172 1505
1172 1319
1172 1460
1172 1815
1172 1944
1172 2042
1172 1982
1172 2035
1173 2049
1173 2050
1173 1539
1173 1284
1173 1797
1173 2055
1173 1673
1173 1802
1173 2079
1173 2065
1173 1219
1173 1301
1173 1815
1173 1305
1173 1820
1173 1181
1173 1413
1173 1185
1173 1829
1173 1318
1173 1704
1173 1321
1173 1962
1173 1992
1173 1460
1173 1467
1173 1960
1173 2242
1173 1227
1173 1398
1173 1349
1173 1224
1173 1483
1173 1996
1173 1232
1173 1233
1173 2004
1173 1625
1173 1626
1173 1505
1173 2245
1173 1830
1173 1681
1173 2156
1173 1903
1173 2024
1173 1395
1173 1653
1173 1782
1173 1662
1174 2083
1174 2122
1174 1603
1174 1602
1174 1741
1175 1836
1175 2221
1175 1843
1175 1492
1175 2197
1175 1532
1176 2019
1176 1192
1176 1740
1176 1429
1176 2200
1176 1820
1177 2030
1177 2067
1177 1445
1177 2078
1177 1201
1178 1733
1178 2119
1178 1676
1178 1686
1178 1911
1178 1562
1178 1628
1178 1757
1178 2149
1179 2050
1179 1668
1179 1830
1179 1607
1179 2024
1179 2242
1179 1713
1179 1203
1179 1653
1179 2138
1180 2242
1180 1318
1180 1319
1180 2050
1180 2221
1180 2065
1180 1398
1180 2170
1180 1434
1180 1630
1181 1248
1181 2080
1181 2227
1181 1542
1181 1383
1181 1321
1181 2055
1181 2188
1181 2131
1181 2257
1181 1458
1181 1939
1181 1494
1181 1210
1181 1820
1181 1277
1181 1349
1182 1248
1182 2084
1182 1190
1182 1959
1182 1500
1182 2028
1182 2126
1182 1650
1182 2037
1182 1850
1182 1340
1183 1538
1183 1815
1183 1816
1183 1437
1183 1440
1183 1445
1183 1960
1183 2217
1183 1326
1183 1459
1183 2107
1183 1858
1183 1227
1183 1999
1183 1621
1183 1243
1183 1249
1183 2023
1183 1386
1183 1903
1183 2033
1183 2163
1183 2038
1183 2046
1184 1667
1184 2055
1184 1938
1184 2079
1184 1648
1184 1445
1184 1190
1184 1695
1184 1854
1184 1728
1184 1228
1184 1613
1184 1618
1184 2131
1184 1624
1184 1497
1184 2010
1184 2139
1184 1501
1184 1255
1184 1520
1184 1782
1184 1787
1184 1277
1184 1278
1185 2215
1185 1674
1185 1707
1185 1518
1185 2100
1185 1460
1185 1981
1186 1861
1187 1569
1187 1194
1187 1734
1187 2022
1188 1668
1188 2065
1188 1807
1188 1329
1188 1432
1188 1434
1189 1447
1189 1898
1189 1839
1189 1424
1189 1654
1189 2078
1189 1631
1190 1281
1190 1539
1190 2052
1190 2055
1190 1548
1190 2189
1190 2191
1190 1298
1190 1667
1190 2199
1190 2203
1190 1692
1190 2209
1190 1573
1190 1703
1190 2091
1190 2060
1190 2227
1190 1588
1190 2229
1190 1975
1190 1850
1190 1525
1190 1376
1190 1349
1190 1479
1190 1227
1190 1618
1190 2131
1190 1520
1190 1497
1190 1935
1190 1501
1190 1248
1190 1889
1190 1382
1190 1510
1190 1645
1190 1648
1190 2037
1190 1402
1190 1787
1190 1277
1191 1892
1191 1285
1191 1196
1191 2137
1191 1861
1192 1920
1192 2056
1192 1882
1192 1581
1192 1456
1192 2200
1192 1875
1192 1654
1192 1913
1192 1853
1192 1662
1193 1669
1193 2066
1193 1300
1193 1429
1193 1815
1193 1567
1193 1317
1193 1393
1193 1449
1193 2091
1193 1454
1193 1335
1193 1849
1193 1210
1193 2107
1193 1853
1193 2251
1193 2118
1193 1995
1193 2004
1193 1629
1193 2019
1193 2020
1193 1893
1193 2023
1193 2029
1193 1265
1193 1394
1193 1523
1193 1269
1194 1824
1194 1734
1194 2022
1195 1729
1195 2220
1195 2156
1195 2159
1195 1395
1195 1268
1195 2075
1195 1566
1196 1889
1196 1892
1196 1285
1196 1739
1196 1868
1196 1422
1196 1692
1196 2174
1196 1861
1197 2088
1197 1986
1197 2074
1198 2262
1198 1257
1198 1451
1198 1489
1198 1654
1198 2078
1198 2111
1199 1674
1199 1412
1200 1589
1200 1913
1201 1952
1201 1414
1201 1610
1201 2074
1202 2203
1202 1839
1203 1408
1203 2120
1203 1322
1203 2059
1203 1518
1203 2256
1203 2004
1203 1846
1203 1241
1203 1785
1203 1981
1204 1793
1204 2030
1205 2083
1205 2122
1205 1230
1205 2225
1205 1813
1205 2239
1206 1897
1206 1870
1206 1967
1206 2160
1206 1497
1206 1885
1207 1256
1207 1602
1208 1216
1208 1665
1208 1349
1208 1287
1208 1834
1208 1931
1208 2098
1208 1398
1208 2151
1208 1919
1209 1721
1209 1851
1209 1212
1209 1815
1210 2050
1210 1675
1210 2188
1210 2063
1210 2194
1210 1939
1210 1688
1210 1305
1210 1438
1210 1842
1210 2107
1210 1347
1210 1220
1210 1349
1210 1356
1210 2253
1210 2257
1210 1893
1210 1512
1210 2152
1211 1857
1211 1227
1211 1732
1211 1670
1211 2214
1211 1768
1211 1577
1211 1610
1211 2027
1211 2252
1211 1613
1211 1838
1211 1744
1211 2001
1211 2163
1211 1590
1211 1592
1211 2047
1211 1628
1211 1663
1212 1538
1212 2053
1212 1294
1212 2067
1212 1815
1212 1816
1212 2204
1212 1825
1212 1570
1212 2217
1212 2093
1212 1330
1212 1721
1212 2238
1212 1345
1212 1733
1212 1442
1212 1999
1212 2257
1212 1234
1212 1364
1212 1893
1212 2163
1213 2177
1213 1819
1213 1677
1214 1320
1214 2258
1214 1662
1214 2127
1215 1318
1215 1607
1215 1262
1215 1775
1215 2100
1215 1463
1215 1400
1215 2202
1215 1372
1216 2049
1216 1412
1216 1802
1216 1305
1216 1946
1216 1951
1216 1319
1216 1834
1216 1287
1216 1715
1216 1846
1216 2242
1216 1232
1216 1238
1216 2268
1216 1505
1216 1512
1216 2035
1216 1660
1216 1919
1217 1728
1217 1403
1217 2052
1217 1829
1217 1574
1217 1223
1217 2257
1217 2055
1217 1389
1217 2126
1217 2000
1217 1681
1217 1938
1217 1939
1217 1272
1217 1273
1217 1499
1217 1349
1218 1530
1219 2049
1219 1922
1219 1513
1219 1349
1219 1319
1219 1897
1219 2257
1219 1842
1219 2231
1219 1496
1219 1301
1220 1346
1220 1925
1220 1575
1220 2152
1220 2188
1220 1837
1220 1294
1220 1784
1220 1893
1220 1657
1220 2078
1220 2111
1221 1858
1221 1827
1222 1608
1222 1417
1222 1234
1222 2099
1222 1684
1222 1590
1222 1945
1222 2041
1222 1628
1222 1822
1223 2016
1223 1922
1223 1411
1223 1413
1223 2055
1223 1960
1223 2028
1223 1938
1223 2227
1223 1300
1223 1557
1223 1975
1223 1435
1223 1277
1224 1665
1224 1227
1224 2212
1224 1797
1224 2145
1224 1319
1224 1413
1224 2229
1224 2155
1224 1262
1224 1615
1224 1301
1224 1305
1224 1434
1224 1343
1224 1630
1225 1889
1225 1892
1225 1263
1225 2227
1225 1300
1225 1557
1225 1975
1225 1624
1225 1787
1225 1790
1226 1761
1226 1458
1226 2125
1226 1278
1226 1975
1227 1281
1227 1283
1227 1985
1227 2229
1227 1681
1227 1938
1227 1825
1227 1829
1227 1447
1227 1962
1227 1835
1227 1906
1227 1586
1227 1460
1227 1973
1227 1464
1227 2107
1227 1599
1227 1857
1227 1995
1227 1868
1227 1229
1227 2001
1227 1618
1227 2005
1227 1753
1227 1626
1227 2011
1227 2017
1227 2148
1227 1425
1227 1512
1227 1899
1227 1640
1227 1394
1227 2035
1227 1781
1227 2039
1227 1528
1227 1914
1227 1450
1227 2174
1227 1535
1228 1272
1228 1278
1229 2193
1230 1921
1230 1603
1230 1956
1230 2217
1230 2122
1230 1579
1230 1741
1230 1458
1230 2225
1230 1283
1230 2264
1230 2200
1230 1243
1230 2239
1231 1637
1231 2214
1232 2229
1232 2050
1232 2243
1232 1301
1232 1797
1232 1830
1232 2024
1232 2242
1232 2065
1232 1653
1232 1623
1233 1731
1233 1349
1233 1450
1233 1483
1233 1741
1233 1393
1233 1283
1233 1460
1233 1816
1233 2202
1233 2139
1233 1626
1233 1557
1235 1441
1235 1672
1235 1450
1235 1687
1235 1310
1236 2032
1236 1649
1236 1522
1236 2163
1236 1691
1236 2044
1236 1663
1237 1848
1237 1395
1237 1276
1237 1805
1237 1507
1238 1409
1238 2065
1238 1305
1238 2073
1238 1311
1238 2085
1238 2221
1238 1975
1238 1951
1238 1596
1238 2110
1238 1475
1238 1863
1238 2122
1238 1867
1238 1613
1238 2258
1238 2147
1238 1243
1238 1501
1238 2019
1238 1764
1238 1398
1238 2170
1239 2177
1239 1644
1239 1869
1239 1486
1239 1460
1239 1624
1239 1242
1240 1974
1240 2230
1241 1408
1241 1922
1241 1412
1241 2059
1241 1296
1241 2071
1241 1305
1241 1691
1241 2079
1241 2210
1241 1319
1241 1322
1241 2221
1241 2098
1241 1460
1241 1846
1241 1951
1241 1981
1241 1982
1241 2111
1241 1347
1241 2245
1241 1349
1241 2120
1241 2256
1241 2004
1241 2135
1241 1630
1241 1512
1241 2155
1241 1518
1241 1398
1241 1785
1242 1537
1242 1441
1242 1995
1242 1703
1242 1644
1242 1390
1242 1458
1242 1470
1242 1624
1242 2177
1242 2203
1242 2044
1242 1310
1243 2054
1243 1291
1243 2067
1243 1311
1243 1956
1243 2217
1243 1710
1243 1459
1243 2110
1243 1986
1243 2122
1243 1360
1243 2258
1243 1621
1243 2267
1243 1249
1243 1770
1243 2030
1243 2034
1243 2038
1243 1657
1243 2046
1244 1985
1244 1739
1244 1300
1244 1732
1245 1600
1245 2034
1245 1543
1245 1789
1245 2079
1246 1892
1246 1703
1246 1777
1246 1300
1246 1975
1246 1278
1247 1985
1247 1732
1247 2150
1247 1318
1247 1905
1247 1997
1247 2221
1247 1681
1247 1715
1247 1527
1247 1528
1247 1421
1247 1564
1247 2110
1247 1279
1248 2055
1248 1673
1248 2084
1248 1713
1248 1841
1248 1458
1248 2227
1248 1853
1248 1739
1248 1618
1248 2131
1248 1497
1248 1759
1248 1889
1248 1509
1248 1263
1248 1520
1248 1652
1248 2037
1249 1579
1249 1538
1249 1445
1249 2217
1249 2250
1249 1815
1249 1260
1249 2067
1249 1876
1249 2038
1249 1291
1249 2139
1249 1923
1249 1962
1250 2056
1250 1913
1250 1658
1250 1581
1250 1454
1251 1520
1252 1859
1252 1996
1252 1548
1252 1677
1252 1873
1252 1315
1252 2198
1252 1689
1252 1531
1252 1374
1253 2216
1253 1776
1253 2129
1253 1684
1253 1686
1253 2041
1254 1538
1254 1893
1254 2046
1254 1311
1255 1313
1255 1315
1255 2080
1255 1761
1255 2209
1255 1994
1255 1927
1255 1996
1255 2190
1255 1807
1255 1969
1255 1588
1255 1422
1255 2249
1255 2111
1255 2140
1255 1374
1255 1695
1256 1925
1256 1679
1256 1818
1256 1435
1256 2074
1256 1951
1256 1952
1256 1450
1256 2077
1256 1458
1256 1852
1256 1732
1256 1352
1256 1609
1256 1613
1256 1490
1256 2260
1256 1753
1256 1502
1256 2152
1256 1265
1256 2044
1258 1409
1258 1540
1258 1574
1258 1835
1258 1837
1258 1998
1258 1682
1258 1816
1258 1625
1258 2107
1258 1949
1259 1861
1259 1278
1260 1290
1260 1349
1261 1532
1261 2229
1261 1407
1262 1665
1262 1483
1262 1412
1262 2210
1262 1660
1262 1287
1262 2242
1262 2256
1262 2035
1262 2004
1262 2110
1262 1911
1262 1434
1262 2236
1262 1630
1263 1315
1263 1892
1263 1959
1263 1960
1263 1994
1263 1713
1263 1300
1263 1850
1263 1500
1263 1790
1264 2208
1264 1417
1264 1932
1264 1613
1264 1550
1264 2032
1264 1522
1264 1556
1264 1626
1265 1633
1265 2251
1265 1925
1265 1706
1265 1643
1265 1486
1265 1669
1265 1458
1265 2051
1265 2229
1265 1687
1265 1610
1265 1310
1265 1567
1266 1338
1266 1531
1267 2000
1267 1667
1267 1349
1267 2055
1267 1929
1267 1294
1267 1392
1267 1302
1267 2010
1267 1823
1268 2180
1268 1832
1268 2186
1268 2156
1268 2075
1268 1566
1269 1740
1269 2128
1269 1393
1269 1849
1269 1434
1270 2160
1270 1490
1270 1837
1270 2198
1271 1572
1272 1936
1272 2267
1272 1318
1272 1352
1272 1613
1272 1680
1272 1777
1272 2067
1272 1982
1272 1975
1272 1502
1272 2203
1272 1278
1273 2227
1273 1960
1273 2155
1273 1501
1273 2131
1273 1300
1273 1975
1273 1787
1273 2044
1273 1277
1273 1886
1274 1476
1274 1605
1274 1447
1274 1325
1274 2093
1274 2149
1274 1945
1274 1613
1274 1375
1275 1665
1275 2049
1275 1834
1275 2098
1275 1398
1275 1559
1275 2136
1275 1946
1275 1919
1276 1445
1276 1654
1276 2230
1276 1976
1276 1625
1276 1467
1276 1439
1277 1793
1277 1411
1277 2052
1277 1413
1277 1798
1277 2055
1277 1539
1277 1300
1277 1305
1277 1692
1277 2209
1277 1576
1277 2091
1277 2227
1277 1588
1277 1975
1277 1610
1277 1494
1277 1497
1277 1501
1277 1376
1277 1763
1277 1382
1277 1383
1277 1514
1277 1960
1277 1395
1277 1428
1277 1402
1277 1787
1278 1281
1278 1922
1278 1539
1278 1925
1278 2055
1278 1547
1278 2191
1278 1667
1278 1300
1278 1695
1278 1442
1278 2227
1278 1975
1278 1854
1278 2249
1278 1618
1278 2131
1278 1751
1278 2136
1278 2010
1278 1501
1278 1763
1278 1382
1278 1769
1278 1514
1278 1520
1278 1777
1278 1658
1278 1787
1278 2044
1278 1535
1279 2032
1279 2163
1280 2025
1280 1675
1280 2182
1280 1815
1281 1920
1281 1793
1281 2066
1281 1300
1281 2197
1281 2074
1281 2203
1281 1311
1281 1574
1281 1326
1281 2230
1281 1591
1281 1976
1281 2105
1281 2110
1281 1857
1281 2122
1281 2251
1281 1750
1281 1535
1282 2116
1282 2166
1283 1858
1283 1425
1283 1813
1283 2200
1283 1594
1283 2046
1284 1414
1284 1922
1284 1285
1284 2022
1284 1294
1284 1853
1285 1927
1285 1997
1285 1975
1285 1892
1286 2031
1287 2049
1287 1412
1287 1665
1287 1421
1287 1518
1287 1559
1287 1946
1287 2202
1287 1951
1287 1834
1287 2098
1287 1971
1287 1981
1287 1737
1287 1613
1287 2256
1287 2151
1287 1772
1287 1660
1288 1618
1289 1788
1289 1590
1290 1621
1291 1538
1291 2252
1291 1405
1292 2197
1292 1675
1292 2117
1292 1351
1292 1704
1292 1962
1292 1483
1292 1966
1292 2095
1292 1616
1292 1297
1292 1779
1292 2206
1292 1974
1292 2040
1292 1499
1292 1715
1292 2079
1292 1694
1293 1394
1293 1523
1293 1317
1293 2218
1294 1634
1294 1475
1294 1349
1294 1798
1294 2055
1294 1865
1294 2236
1294 1325
1294 2118
1294 2000
1294 2229
1294 1688
1295 1763
1295 1382
1295 2027
1295 1838
1295 1713
1295 2044
1296 1506
1296 1981
1297 1303
1298 1827
1298 1540
1298 1574
1298 1787
1298 1964
1298 1879
1298 1740
1298 2221
1298 1837
1298 2256
1298 1733
1298 1875
1298 1845
1298 1975
1298 1613
1298 1525
1298 1626
1298 1375
1298 1854
1298 1717
1299 1391
1299 2183
1300 2048
1300 1539
1300 1413
1300 2055
1300 2058
1300 1936
1300 2065
1300 1311
1300 1520
1300 1442
1300 1315
1300 1576
1300 2227
1300 1975
1300 2107
1300 1854
1300 2251
1300 1618
1300 1624
1300 1376
1300 1889
1300 1763
1300 1892
1300 1383
1300 1387
1300 2028
1300 1648
1300 1960
1300 1790
1300 1403
1301 2050
1301 1797
1301 2210
1301 2024
1301 2221
1301 2065
1301 1305
1301 1432
1301 2242
1302 1392
1302 2000
1302 2055
1303 1344
1303 1381
1303 2063
1303 1847
1303 1436
1303 1957
1304 2049
1304 1305
1304 2245
1304 2063
1305 1665
1305 1412
1305 1797
1305 1802
1305 1675
1305 2188
1305 2202
1305 1820
1305 1310
1305 1318
1305 1705
1305 1962
1305 2221
1305 1715
1305 2229
1305 2110
1305 2242
1305 1607
1305 1868
1305 2257
1305 2004
1305 2135
1305 2139
1305 1372
1305 2029
1305 1518
1305 1398
1305 2170
1305 1660
1306 1483
1306 2229
1307 1848
1307 2223
1307 1805
1307 1495
1308 2178
1308 1539
1308 1996
1308 1842
1308 1935
1309 2209
1309 1475
1309 1564
1310 1537
1310 1925
1310 2184
1310 1679
1310 1818
1310 1669
1310 1952
1310 1441
1310 1833
1310 1672
1310 1458
1310 1720
1310 1567
1310 1470
1310 1312
1310 1613
1310 1873
1310 2260
1310 1753
1310 2014
1310 1765
1310 1641
1310 1642
1310 1644
1310 1645
1310 1390
1310 2044
1310 1535
1311 1538
1311 1681
1311 1699
1311 1835
1311 1839
1311 1845
1311 2238
1311 1863
1311 2122
1311 1999
1311 2258
1311 2133
1311 1753
1311 1764
1311 2257
1311 1901
1311 2030
1311 1775
1311 1393
1311 1395
1311 2046
1312 1537
1312 2177
1312 1644
1312 1873
1313 2180
1313 1927
1313 1803
1313 2060
1313 2190
1313 2009
1313 2052
1313 1563
1313 1695
1313 2080
1313 2209
1313 2084
1313 2215
1313 1850
1313 1724
1313 1478
1313 2247
1313 2249
1313 1996
1313 2126
1313 2000
1313 1497
1313 2268
1313 1761
1313 1382
1313 1468
1313 1388
1313 1769
1314 2240
1314 1826
1314 1414
1314 1385
1314 1362
1315 2209
1315 1928
1315 2249
1315 1996
1315 1677
1315 1873
1315 2137
1315 1796
1315 1531
1316 1472
1317 1922
1317 2182
1317 1802
1317 1675
1317 1815
1317 1434
1317 2079
1317 2218
1317 1335
1317 2251
1317 2118
1317 1863
1317 1740
1317 2231
1317 1868
1317 1933
1317 1629
1317 2019
1317 2025
1317 2029
1317 1393
1317 1394
1317 1523
1317 1399
1318 2050
1318 2065
1318 1454
1318 2202
1318 1434
1318 1705
1318 2221
1318 1838
1318 2100
1318 1463
1318 2242
1318 1607
1318 1354
1318 1372
1318 1512
1318 1518
1318 1520
1318 2035
1318 1653
1318 1400
1319 2145
1319 2050
1319 2212
1319 1518
1319 1487
1319 1630
1319 1846
1319 1982
1320 1845
1321 1895
1321 1640
1321 2257
1321 1962
1321 1681
1321 1938
1321 1815
1321 2139
1321 1905
1322 1408
1322 2059
1322 1398
1322 2120
1322 2251
1322 1518
1322 2256
1322 2009
1322 2004
1322 1846
1322 1785
1322 1434
1322 1981
1323 1776
1323 2041
1324 1793
1324 1626
1324 1743
1325 1702
1325 1417
1325 1355
1325 1676
1325 2188
1325 1651
1325 2149
1325 1686
1325 2007
1325 1626
1325 2238
1325 1733
1326 1986
1326 1506
1326 1591
1326 2111
1327 2152
1327 1490
1327 1422
1327 2162
1327 1338
1327 1531
1327 1885
1328 1870
1329 2240
1329 2050
1329 1668
1329 1807
1329 2065
1329 1653
1329 1432
1329 1754
1329 1434
1330 2048
1330 1974
1331 1985
1331 2150
1331 1575
1331 1352
1331 1613
1331 1647
1331 2194
1331 1619
1331 2074
1331 1951
1331 1980
1331 2111
1332 1417
1332 1813
1333 1440
1333 1538
1333 1835
1333 2180
1333 1829
1333 1675
1333 1617
1333 1334
1335 2019
1335 1675
1335 1863
1335 1803
1335 1740
1335 2029
1335 1394
1335 2104
1335 1849
1335 1342
1336 1613
1337 1534
1338 1474
1338 2005
1338 1435
1338 2044
1339 1613
1339 1447
1340 2126
1340 1650
1340 1817
1340 1850
1341 1725
1341 1430
1342 2019
1342 2029
1342 2234
1342 1916
1343 2049
1343 2050
1343 2212
1343 2145
1343 2219
1343 1997
1343 2222
1343 1615
1343 2256
1343 2202
1343 1630
1344 1666
1344 1381
1344 1908
1344 1847
1344 1656
1344 1465
1344 1466
1344 1436
1344 1853
1344 2206
1345 1816
1345 1445
1345 1437
1346 2160
1346 1490
1346 1586
1346 1967
1347 1398
1347 1512
1347 2059
1347 1518
1347 2256
1347 2120
1347 1874
1347 2163
1347 2004
1347 1630
1347 1846
1347 2268
1347 1981
1347 1982
1348 2131
1349 1539
1349 1601
1349 2184
1349 1673
1349 1418
1349 1675
1349 2188
1349 2050
1349 1681
1349 1939
1349 1686
1349 2055
1349 2075
1349 1820
1349 1441
1349 1829
1349 2091
1349 1836
1349 1458
1349 1779
1349 1460
1349 1845
1349 2107
1349 1725
1349 2035
1349 2242
1349 2000
1349 2258
1349 1494
1349 1630
1349 1893
1349 2257
1349 1514
1349 1518
1349 2160
1349 1906
1349 1909
1349 1530
1349 2173
1350 1394
1351 1538
1351 2182
1351 2156
1351 2159
1351 2063
1351 2194
1351 2005
1351 2095
1352 1952
1352 1416
1352 1835
1352 2148
1352 1413
1352 1777
1352 2026
1352 2007
1352 1424
1352 1528
1352 1425
1352 2005
1352 1433
1352 1875
1352 2267
1352 1373
1352 1438
1353 1647
1354 2202
1354 1463
1355 1702
1355 1384
1355 1676
1355 2093
1355 1530
1357 1569
1357 1867
1357 1997
1357 1581
1357 2111
1358 2133
1359 2217
1359 2225
1359 1511
1360 2053
1360 1463
1361 1490
1361 2044
1361 1837
1361 2205
1362 2240
1362 1414
1362 1446
1362 1385
1362 1826
1362 1656
1362 1594
1362 2175
1363 2019
1363 2182
1364 1840
1364 1521
1365 1984
1365 2056
1365 2203
1365 1581
1365 1913
1366 2049
1366 1383
1366 2241
1366 1743
1366 2258
1366 2229
1366 1626
1366 1949
1366 1950
1367 1858
1367 2122
1367 2033
1367 1876
1367 2038
1367 1560
1368 2019
1369 2145
1369 1991
1369 2089
1369 2222
1369 1615
1369 1660
1370 1538
1371 1449
1371 2126
1371 1650
1371 1850
1371 2268
1371 1887
1372 1607
1372 2221
1372 1463
1372 1400
1373 1506
1373 2148
1373 1413
1373 2215
1373 1802
1373 2193
1373 1416
1373 2062
1373 1840
1373 1457
1373 2258
1373 2005
1373 1717
1373 2265
1373 1860
1373 1497
1373 2074
1373 1435
1373 1535
1374 1728
1374 1376
1374 1922
1374 1925
1374 1576
1374 2215
1374 1996
1374 1787
1374 1695
1375 1462
1375 1540
1375 1765
1375 1809
1375 2046
1375 1442
1375 1858
1375 1741
1375 2225
1375 2221
1375 1875
1375 1845
1375 1686
1375 2073
1375 1819
1375 1583
1375 2238
1376 1539
1376 1673
1376 1548
1376 1677
1376 2209
1376 2215
1376 1841
1376 1588
1376 1853
1376 1854
1376 1478
1376 2249
1376 1996
1376 2189
1376 1618
1376 2009
1376 1889
1376 1382
1376 1645
1376 2037
1377 1784
1377 1866
1377 2090
1378 2084
1378 2268
1378 1996
1379 2088
1379 1754
1379 1454
1380 2107
1381 1666
1381 1957
1381 1436
1381 1908
1381 1847
1381 1465
1381 2204
1381 2206
1382 2084
1382 1510
1382 1959
1382 2044
1382 1994
1382 1996
1382 1677
1382 2189
1382 1713
1382 2037
1382 1975
1382 1761
1382 1500
1382 1695
1383 1536
1383 1497
1383 1892
1383 1494
1383 2055
1383 2257
1383 2227
1383 1428
1383 1625
1383 1501
1384 1605
1384 1703
1384 1676
1384 1775
1384 1745
1384 1651
1384 1621
1384 2072
1384 1626
1384 1627
1384 2013
1385 2240
1385 1760
1385 1414
1385 1574
1385 1409
1385 2146
1385 1734
1385 2257
1385 1779
1385 1815
1385 1816
1385 2106
1385 2139
1386 1507
1386 1445
1386 2217
1386 2255
1386 2230
1386 1437
1386 1853
1387 1624
1387 1892
1388 1761
1388 2209
1388 1547
1388 1468
1388 1695
1389 2152
1389 1557
1389 1573
1390 1728
1390 1626
1390 1925
1390 2184
1390 1642
1390 1643
1390 1548
1390 1645
1390 1458
1390 2074
1390 1765
1391 2055
1391 2231
1392 2055
1392 2000
1392 2010
1392 1819
1392 1823
1393 2019
1393 2020
1393 1863
1393 1893
1393 1611
1393 2029
1393 1394
1393 1523
1393 1675
1393 1815
1393 2104
1393 1849
1393 2203
1394 2019
1394 2020
1394 1933
1394 2218
1394 1491
1394 1675
1394 1638
1394 2025
1394 2251
1394 1434
1394 2118
1394 2231
1395 2049
1395 1731
1395 2118
1395 1905
1395 2152
1395 1450
1395 1816
1395 1560
1395 1972
1395 2232
1395 1460
1396 1805
1397 1595
1397 1654
1398 1665
1398 1412
1398 2182
1398 1674
1398 1675
1398 1931
1398 1678
1398 1881
1398 1826
1398 2088
1398 2221
1398 2095
1398 2098
1398 1971
1398 1845
1398 1981
1398 2251
1398 2256
1398 2004
1398 2138
1398 1630
1398 1505
1398 1518
1398 2163
1398 1660
1398 1834
1399 2019
1399 1675
1399 1638
1399 2091
1399 2029
1399 1491
1399 1715
1399 2229
1399 2104
1399 1483
1399 1854
1400 1607
1400 2221
1400 1453
1400 2100
1400 1463
1400 2202
1401 2063
1402 1588
1403 2193
1403 1512
1403 1452
1403 2126
1403 2064
1403 2248
1403 2227
1403 1534
1403 1820
1403 2173
1403 1598
1404 2180
1404 1853
1404 2229
1405 1972
1405 1979
1405 2239
1406 1928
1406 1585
1406 2251
1406 1629
1406 1454
1408 2120
1408 2059
1408 1518
1408 2256
1408 2004
1408 1846
1408 1785
1408 1981
1409 1952
1409 1985
1409 1574
1409 1835
1409 1975
1409 1753
1409 2106
1409 1628
1410 1838
1411 1648
1411 1960
1411 2052
1412 2049
1412 1674
1412 1678
1412 1559
1412 1946
1412 2221
1412 1454
1412 1971
1412 1715
1412 1737
1412 2004
1412 1665
1412 1919
1413 1793
1413 1416
1413 2062
1413 1681
1413 1938
1413 1497
1413 1433
1413 1435
1413 1952
1413 1829
1413 1960
1413 1962
1413 1840
1413 2104
1413 2265
1413 2107
1413 1857
1413 1609
1413 2001
1413 2259
1413 2005
1413 2135
1413 1496
1413 2148
1413 2139
1413 1506
1413 2235
1413 1764
1413 2193
1414 1811
1414 2078
1414 1446
1414 1704
1414 1581
1414 1839
1414 2224
1414 1587
1414 1593
1414 1594
1414 2236
1414 2110
1414 1734
1414 1483
1414 1882
1414 2139
1414 2022
1414 1516
1414 1779
1414 1524
1414 1914
1414 1918
1414 2175
1415 2117
1416 1506
1416 1764
1416 1609
1416 1835
1416 2061
1416 2062
1416 1840
1416 2193
1416 2005
1416 1433
1416 2148
1416 2235
1417 1932
1417 1550
1417 1684
1417 1686
1417 2208
1417 1670
1417 1702
1417 2216
1417 1590
1417 1723
1417 2238
1417 2244
1417 1745
1417 2262
1417 1628
1417 1757
1417 1958
1418 2016
1418 2048
1418 1960
1418 2121
1418 1452
1418 2257
1418 2227
1418 1893
1418 1624
1418 1948
1418 1695
1419 2235
1419 1640
1419 1938
1419 1750
1419 2266
1419 2139
1420 2041
1421 2210
1421 1464
1421 2078
1421 1528
1421 1950
1422 1792
1422 1667
1422 1997
1422 1838
1422 1905
1422 1716
1422 2231
1422 1497
1422 1854
1423 2214
1424 1457
1424 2193
1424 1581
1425 1835
1425 2069
1425 1654
1425 1560
1425 1483
1425 2074
1425 2046
1425 1813
1426 2192
1427 2216
1428 1763
1428 2227
1429 2019
1429 1638
1429 1623
1430 1725
1431 2218
1431 1623
1432 2152
1432 1962
1432 1523
1432 1434
1433 1952
1433 2148
1433 2005
1433 1609
1433 1610
1433 2062
1433 2003
1433 2229
1433 1464
1433 1764
1433 1626
1433 1499
1433 2236
1433 2110
1433 1829
1434 2050
1434 1668
1434 2061
1434 1807
1434 2065
1434 2210
1434 1948
1434 2091
1434 1454
1434 1849
1434 1853
1434 1653
1434 2243
1434 2251
1434 2128
1434 2004
1434 2138
1434 2020
1434 1830
1434 2024
1434 1523
1435 2177
1435 2265
1435 1833
1435 1995
1435 2062
1435 1679
1435 1969
1435 1889
1435 2067
1435 2102
1435 1753
1435 1497
1435 2044
1435 1925
1436 1666
1436 1908
1436 1847
1436 1656
1436 1465
1436 1853
1436 2206
1436 2111
1437 2018
1437 1827
1437 1703
1437 1917
1438 1515
1439 1805
1439 1454
1439 1775
1439 1750
1439 1855
1440 2180
1440 1829
1440 1617
1440 1640
1440 1845
1440 2029
1440 1999
1440 1960
1440 2196
1440 1942
1440 1957
1440 1949
1440 2110
1441 2177
1441 1765
1441 2152
1441 2044
1441 1642
1441 1644
1441 1838
1441 1450
1441 1460
1441 1870
1441 1687
1441 1486
1441 2108
1441 1818
1441 1925
1442 1858
1442 1765
1442 2225
1442 2046
1442 1835
1442 2160
1442 1809
1442 1747
1442 1845
1442 1686
1442 1658
1442 1949
1443 1689
1443 1755
1443 1725
1443 1999
1443 1721
1444 2136
1445 1829
1445 2217
1445 2067
1445 2047
1447 2153
1447 1898
1447 1835
1447 1452
1447 1775
1447 1746
1447 1625
1447 2139
1447 2236
1447 2269
1447 1483
1447 2085
1448 1628
1448 1686
1449 1864
1449 2019
1449 1563
1449 1887
1450 1870
1450 1967
1450 1458
1450 2265
1451 2095
1451 1750
1451 1853
1454 2050
1454 1669
1454 2182
1454 1671
1454 2184
1454 2070
1454 1540
1454 2088
1454 2055
1454 1585
1454 1846
1454 1722
1454 2107
1454 2242
1454 1995
1454 1860
1454 1718
1454 1606
1454 1863
1454 2251
1454 2133
1454 1629
1454 1767
1454 1643
1454 1774
1454 1655
1455 2020
1455 2214
1455 2237
1455 1776
1455 1522
1455 1590
1455 1530
1455 1628
1455 1757
1456 1671
1456 2193
1456 1581
1456 2056
1456 1655
1456 1913
1456 2236
1457 1952
1457 1483
1457 1581
1457 1613
1457 2200
1457 1839
1457 2078
1458 1538
1458 2051
1458 2073
1458 2203
1458 1650
1458 2111
1458 1487
1458 2133
1458 1486
1458 1753
1458 1778
1458 2152
1458 1599
1459 1569
1459 1467
1459 2245
1459 2217
1459 1620
1459 2232
1460 2049
1460 1681
1460 2079
1460 1836
1460 2250
1460 2000
1460 2152
1460 2156
1460 1901
1460 1525
1461 1497
1461 1925
1461 2177
1462 2180
1462 1519
1462 1808
1462 1617
1462 2236
1463 1607
1463 2065
1463 2100
1464 2148
1464 2020
1464 2118
1464 1801
1464 1962
1464 1965
1464 1518
1464 1837
1464 2065
1464 1938
1464 1973
1464 2007
1464 1943
1464 2005
1464 1659
1464 2012
1464 1599
1465 2209
1465 1666
1465 1763
1465 1656
1465 1498
1466 1656
1466 1922
1466 2200
1467 1654
1467 1767
1467 2217
1467 1483
1467 1998
1467 1682
1467 1620
1467 1814
1468 1922
1468 1667
1468 2209
1468 1864
1468 1769
1468 1547
1468 1969
1468 1618
1468 1497
1468 1695
1469 1835
1469 2117
1470 2177
1470 1641
1470 1644
1470 1648
1470 1753
1470 1852
1471 1504
1472 1499
1472 1670
1472 1577
1472 1514
1472 2032
1472 1609
1472 1819
1472 2076
1472 1663
1473 1561
1473 2163
1473 2046
1474 1938
1474 2191
1474 1490
1474 1915
1475 1497
1475 1573
1475 1959
1475 2055
1475 1997
1475 2131
1475 1975
1475 1819
1475 1695
1476 2007
1477 2220
1477 1566
1478 2080
1478 2121
1478 1994
1478 1607
1478 1964
1478 1650
1478 1970
1478 2009
1478 1850
1478 1563
1478 2268
1478 2215
1479 1787
1480 2042
1481 1793
1481 1858
1481 1988
1481 1654
1481 1736
1481 1538
1481 1902
1481 2225
1481 1938
1481 2038
1481 1815
1481 2267
1482 1734
1483 1538
1483 1539
1483 2055
1483 1547
1483 2067
1483 1812
1483 2076
1483 1949
1483 1569
1483 2236
1483 2122
1483 1599
1483 1986
1483 2250
1483 1741
1483 1613
1483 2131
1483 2004
1483 2139
1483 1502
1483 1775
1483 1910
1483 1661
1484 1752
1485 2007
1485 1686
1485 2238
1485 2111
1486 2177
1486 1644
1486 2203
1486 2044
1487 2211
1487 1787
1487 1898
1487 2099
1487 1626
1487 2203
1487 2046
1488 2161
1488 2146
1488 2041
1488 1604
1489 2262
1490 1531
1490 1967
1490 2090
1490 1934
1490 2160
1490 1538
1490 1838
1490 2039
1490 1784
1490 2152
1490 1947
1490 2205
1490 2133
1491 1675
1491 1948
1491 1810
1492 1836
1492 2245
1493 1525
1494 1536
1494 2131
1494 1829
1494 1576
1494 2055
1494 2257
1494 1938
1494 1939
1494 1814
1494 1893
1495 1848
1495 1805
1496 1960
1496 1673
1496 1938
1496 1842
1496 2139
1497 2177
1497 2055
1497 2235
1497 2189
1497 1935
1497 2193
1497 1563
1497 1692
1497 1889
1497 1925
1497 2084
1497 1959
1497 1833
1497 1501
1497 1713
1497 1588
1497 1850
1497 1823
1497 1854
1497 2209
1497 2249
1497 1994
1497 1868
1497 2000
1497 2131
1497 2062
1497 1695
1497 1761
1497 1506
1497 1763
1497 1509
1497 1769
1497 1787
1497 2044
1497 2005
1498 2182
1499 2115
1499 1893
1499 2241
1499 1514
1499 1525
1499 1819
1499 2076
1499 1534
1500 1632
1500 1539
1500 2084
1500 1959
1500 1864
1500 1994
1500 2060
1500 1713
1500 1886
1500 2037
1501 2055
1501 1803
1501 1936
1501 1938
1501 2078
1501 2231
1501 1854
1501 2080
1501 1618
1501 2131
1501 1648
1501 2110
1501 1657
1502 1835
1502 1998
1502 1775
1502 2192
1502 2257
1502 1714
1502 2197
1502 1951
1503 2031
1504 1617
1504 1519
1504 2246
1505 1674
1505 1874
1505 2035
1505 2138
1505 2079
1506 2177
1506 2180
1506 2062
1506 2193
1506 1820
1506 1949
1506 1829
1506 2217
1506 1834
1506 1717
1506 2235
1506 2251
1506 2265
1506 2148
1506 1767
1506 2031
1506 1652
1506 2044
1507 1734
1507 2251
1507 1646
1507 2066
1507 2230
1507 1625
1508 2048
1508 1535
1509 1864
1509 1994
1509 2131
1509 2079
1510 1761
1510 1539
1512 1895
1512 2055
1512 2188
1512 1939
1512 2000
1512 1763
1512 2078
1512 2268
1512 1982
1512 1973
1513 1842
1514 2049
1514 1819
1514 2000
1514 1595
1514 1577
1514 1741
1514 2032
1514 1618
1514 2106
1514 2133
1514 2042
1514 2076
1516 1704
1516 1961
1516 1829
1517 1755
1518 1538
1518 1675
1518 1797
1518 2059
1518 2202
1518 2078
1518 2210
1518 2221
1518 1846
1518 1981
1518 1982
1518 2120
1518 2256
1518 2004
1518 2268
1518 1630
1518 2035
1518 1785
1518 2170
1518 1660
1519 1957
1519 1617
1519 1811
1519 2203
1520 2084
1520 2080
1520 1576
1520 2055
1520 1613
1520 1838
1520 2065
1520 1618
1520 1854
1520 1975
1520 1624
1520 1787
1521 1961
1521 1903
1521 1594
1522 2032
1522 2214
1522 1953
1522 2237
1522 1843
1522 2040
1522 1978
1522 2013
1522 1663
1523 2152
1523 1868
1523 1849
1523 1829
1524 1984
1524 1623
1525 2241
1525 1922
1525 1733
1525 2079
1525 1840
1525 2097
1525 1975
1525 1973
1526 1952
1526 2055
1527 1964
1527 1997
1527 1807
1527 1905
1527 1874
1527 1719
1527 1564
1528 1952
1528 1857
1528 1951
1528 1985
1528 1997
1528 2003
1528 1613
1528 2223
1528 1564
1528 2110
1529 2176
1530 1572
1530 1702
1530 1898
1530 1907
1530 1781
1530 2168
1530 2238
1531 1677
1532 2245
1532 1836
1533 1777
1534 2000
1534 2188
1535 1669
1535 2177
1535 2187
1535 1677
1535 2066
1535 1688
1535 1541
1535 2215
1535 2055
1535 2097
1535 1853
1535 2251
1535 1996
1535 1618
1535 2142
1535 1769
1535 1645
1535 1648
1535 1782
1535 1787
1536 1938
1536 2227
1537 2251
1537 1644
1537 1753
1538 2054
1538 1815
1538 1816
1538 2203
1538 1722
1538 2107
1538 1986
1538 2251
1538 2252
1538 2264
1538 2029
1538 2046
1539 1667
1539 2055
1539 1677
1539 1935
1539 1695
1539 2084
1539 1588
1539 2189
1539 1618
1539 2131
1539 1624
1539 2268
1539 1645
1539 1787
1540 2067
1541 1736
1541 2066
1541 2038
1542 1759
1543 1600
1543 1819
1543 2267
1544 2056
1544 1581
1544 2015
1545 2027
1545 1818
1545 1838
1546 1718
1546 1855
1547 2055
1547 1769
1547 2060
1547 1695
1548 2177
1548 2184
1548 2249
1548 1996
1548 1645
1548 1677
1548 2189
1548 1873
1549 2083
1549 2246
1550 2180
1551 2200
1552 2122
1552 1603
1553 1601
1553 2078
1553 2041
1554 2145
1554 2081
1554 1807
1554 2170
1554 2063
1554 1948
1555 2200
1555 2193
1555 2175
1556 2032
1556 2163
1556 2182
1556 2214
1556 1707
1556 1843
1556 1813
1556 2264
1556 2137
1556 2138
1556 1691
1556 1756
1556 2237
1556 2046
1557 1889
1557 1892
1557 1681
1557 1975
1557 1599
1558 1572
1558 1829
1558 2099
1558 1686
1558 1945
1558 1562
1558 2236
1558 1733
1559 1737
1559 2151
1559 1844
1560 1793
1560 1858
1560 1731
1560 1819
1560 1835
1560 2163
1560 2139
1560 1853
1560 1791
1562 2119
1562 2152
1562 2099
1562 1684
1562 1686
1562 2169
1562 1757
1563 2209
1563 1994
1563 2215
1563 1580
1563 2249
1563 1850
1563 1695
1563 1854
1563 2143
1564 1997
1564 1807
1564 1905
1564 1874
1564 2004
1564 2255
1565 1913
1566 1729
1566 1922
1566 2220
1566 2186
1566 2156
1566 2075
1567 2251
1567 2246
1567 1672
1567 1706
1567 1643
1567 2051
1567 1687
1568 2076
1569 1767
1569 2217
1569 1903
1569 1620
1569 1639
1569 1662
1570 2116
1570 1733
1571 1753
1572 2007
1572 2093
1572 1781
1572 1686
1572 2168
1572 1945
1572 1822
1572 1733
1573 2177
1573 1828
1573 1575
1573 2090
1573 1838
1573 2000
1573 1938
1573 1975
1573 1753
1573 2235
1573 1962
1573 1854
1574 1626
1574 1835
1574 1938
1574 1775
1574 1662
1574 1658
1574 2106
1574 1613
1575 1892
1575 1895
1575 1842
1575 1938
1575 2197
1576 1763
1576 2055
1576 1618
1577 2032
1577 2180
1577 1670
1577 2047
1577 1609
1577 1867
1577 1744
1577 2001
1577 1953
1577 1590
1577 1680
1577 1663
1578 1967
1579 1603
1579 1956
1579 1921
1579 2122
1579 1741
1579 2225
1579 1972
1579 2230
1579 2264
1579 2239
1581 1671
1581 2185
1581 2068
1581 2200
1581 2078
1581 2056
1581 2234
1581 2107
1581 1853
1581 2110
1581 1984
1581 1606
1581 2258
1581 1913
1581 1722
1581 2015
1581 1773
1582 2056
1584 1767
1585 1860
1585 2088
1585 2251
1585 1629
1586 2152
1586 1819
1586 1896
1587 1811
1588 2209
1588 2131
1588 2084
1588 2249
1588 2091
1588 1841
1588 1763
1588 1975
1588 1695
1589 2200
1589 2193
1589 1904
1590 1609
1590 1953
1590 1807
1590 2047
1590 1676
1590 1670
1590 1744
1590 1909
1590 1628
1590 1663
1591 2203
1591 1895
1592 2180
1592 1768
1592 2252
1592 1838
1592 2001
1592 2163
1592 1628
1594 1961
1594 2250
1594 2224
1594 1882
1595 2197
1595 2180
1595 1832
1595 1843
1595 2070
1595 1853
1596 1985
1597 2042
1599 2148
1599 1829
1599 2055
1599 1962
1599 2130
1599 1816
1599 1650
1599 1626
1599 1853
1599 1630
1599 2229
1600 2251
1600 2034
1600 2107
1600 1726
1601 2041
1602 1603
1602 1774
1602 1731
1602 1813
1603 2251
1603 1956
1603 1835
1603 2122
1603 1741
1603 2225
1603 1972
1603 2264
1605 2017
1605 1627
1605 1702
1605 1676
1605 1745
1605 1651
1605 1781
1605 1659
1606 1995
1606 1722
1606 1831
1606 2056
1606 2185
1606 2251
1606 2066
1606 1655
1606 1880
1606 1913
1606 1754
1606 2107
1606 1853
1606 2015
1607 2221
1607 2065
1607 2100
1608 1776
1608 2041
1609 2180
1609 1670
1609 2062
1609 1943
1609 1838
1609 1978
1609 2237
1609 2252
1609 2001
1609 2005
1609 1628
1609 2020
1609 2027
1609 1768
1609 2163
1610 2048
1610 1763
1610 1829
1610 2093
1610 1667
1610 1626
1610 2236
1611 2019
1612 1656
1612 1811
1613 1803
1613 2197
1613 2074
1613 1951
1613 1698
1613 2225
1613 1835
1613 1839
1613 1978
1613 2110
1613 1952
1613 2114
1613 2251
1613 1732
1613 2227
1613 2131
1613 2007
1613 2265
1613 2267
1613 2144
1613 1985
1613 1764
1613 1775
1613 1906
1613 2169
1614 1642
1615 2145
1616 1843
1616 2229
1616 1694
1616 2095
1617 2180
1617 2246
1617 1845
1617 2156
1617 1872
1617 1682
1618 2055
1618 2060
1618 1667
1618 1695
1618 2227
1618 1975
1618 2131
1618 2136
1618 2024
1618 1769
1619 2194
1620 1903
1620 1767
1621 1827
1621 1703
1621 2217
1621 1676
1621 2239
1621 1775
1621 1626
1622 2184
1623 2091
1623 1933
1623 2104
1623 2165
1624 2048
1624 1936
1624 2065
1624 1667
1624 2226
1624 2121
1624 1854
1624 1858
1624 2002
1624 1889
1624 1892
1624 1642
1624 2028
1624 1782
1625 2049
1625 1829
1625 1640
1625 1901
1625 1646
1625 2001
1625 1815
1625 1976
1626 1675
1626 1676
1626 1816
1626 1949
1626 1703
1626 2216
1626 2217
1626 2229
1626 1978
1626 1985
1626 1860
1626 2258
1626 1743
1626 2139
1626 1898
1626 2156
1626 1682
1626 1775
1626 1912
1626 1662
1627 1702
1627 1676
1627 1745
1627 1651
1628 2180
1628 1676
1628 1939
1628 1670
1628 2086
1628 1838
1628 2238
1628 1867
1628 2252
1628 2001
1628 1757
1628 2020
1628 1768
1628 2216
1628 2163
1628 1663
1629 1995
1629 1669
1629 2251
1630 2049
1630 2212
1630 1660
1630 2071
1630 2188
1630 2128
1630 1846
1630 2004
1630 1785
1630 2170
1631 1743
1632 2055
1632 1769
1632 1959
1632 2000
1632 1783
1632 2249
1632 1886
1633 1974
1634 2025
1634 2218
1634 1675
1634 2188
1635 1753
1635 2044
1636 1776
1638 1922
1638 2019
1638 2025
1638 1815
1638 2220
1638 1933
1638 1717
1638 1752
1638 2075
1639 1903
1640 1895
1640 1962
1640 1775
1640 2001
1640 1938
1640 2139
1640 1820
1641 2177
1641 1889
1641 2076
1642 2177
1642 1898
1642 2160
1643 2177
1643 1838
1643 1925
1643 1703
1643 1995
1643 1706
1643 2251
1643 1964
1643 1645
1643 2051
1643 2087
1643 2107
1643 2044
1644 2177
1644 1873
1644 1720
1644 1951
1645 2177
1645 1765
1645 2184
1645 2249
1645 1677
1645 1935
1645 2189
1645 1753
1645 1721
1645 2074
1645 2044
1646 1749
1646 2049
1647 2078
1648 2227
1648 2055
1648 1960
1648 2058
1648 1963
1648 2131
1648 1854
1648 1782
1648 1850
1648 1787
1649 2180
1649 1670
1649 2032
1649 1843
1649 1883
1649 2237
1650 2215
1650 1994
1650 2027
1650 2126
1650 2042
1650 1850
1651 1702
1651 2124
1651 1745
1651 2149
1651 2207
1652 1673
1653 2050
1653 1797
1653 2065
1653 2024
1653 2242
1653 1830
1653 1846
1653 2138
1654 1923
1654 2156
1654 2067
1654 1780
1654 2267
1654 2217
1654 2109
1654 2035
1655 1865
1655 2185
1655 1880
1655 1913
1655 2015
1656 1811
1656 2206
1657 2210
1657 2118
1657 2133
1658 2241
1658 1763
1658 1775
1658 2225
1658 2264
1658 1949
1658 2079
1659 1893
1659 2086
1659 2074
1659 2149
1660 2182
1660 1802
1660 1675
1660 2202
1660 1951
1660 2212
1660 2221
1660 1715
1660 1846
1660 2104
1660 1982
1660 2242
1660 1991
1660 2268
1660 2035
1660 2167
1660 1916
1662 2257
1662 1793
1662 2078
1662 1681
1662 2241
1662 1815
1663 1771
1663 1670
1663 2027
1663 1744
1663 1943
1663 2047
1664 1829
1665 1846
1665 1834
1665 2256
1665 1881
1666 1729
1666 1908
1666 1847
1666 2206
1667 1793
1667 1922
1667 2055
1667 2060
1667 1695
1667 1969
1667 2121
1667 1850
1667 1854
1667 2131
1667 1769
1667 2002
1668 2024
1669 2177
1669 2184
1669 1677
1670 2020
1670 2001
1670 1768
1670 1838
1670 1744
1670 2163
1670 2180
1671 2234
1671 1853
1672 2051
1672 1706
1672 1687
1673 2235
1673 2055
1673 2229
1673 1739
1673 2257
1673 1938
1673 2227
1673 1975
1673 1819
1673 2079
1674 2152
1674 1707
1674 1678
1674 2045
1675 2182
1675 1802
1675 2063
1675 1815
1675 2221
1675 1715
1675 2104
1675 1990
1675 1863
1675 1740
1675 2132
1675 2019
1675 2020
1675 2156
1675 2029
1675 2118
1675 2163
1676 1703
1676 1686
1676 2216
1676 1733
1677 2171
1677 1996
1677 1873
1677 2037
1677 2249
1679 1925
1679 1862
1679 2044
1680 2074
1680 2110
1680 2078
1681 1938
1681 1815
1681 1816
1681 2079
1681 1829
1681 1962
1681 1722
1681 1732
1681 2258
1681 2133
1681 2139
1681 1764
1681 2156
1681 1901
1682 1829
1682 1771
1682 2109
1682 2013
1682 1684
1682 2166
1682 2072
1682 1949
1682 2238
1683 1873
1683 1837
1684 2124
1684 1745
1684 2099
1684 1686
1684 2041
1684 2086
1684 2238
1686 1924
1686 1893
1686 1945
1686 2149
1686 2207
1686 1955
1686 2225
1686 2099
1686 1853
1686 2238
1686 1781
1686 2244
1686 2251
1686 1733
1686 2007
1686 2017
1686 2161
1686 1909
1686 2168
1686 2041
1686 2216
1687 1925
1688 2188
1688 1782
1689 1996
1689 1725
1689 1755
1690 1944
1690 2035
1690 2100
1691 2212
1691 1863
1691 2163
1692 2182
1692 1939
1692 1717
1692 2173
1693 1837
1694 2209
1694 1894
1694 1729
1694 2095
1695 1796
1695 2055
1695 2084
1695 2215
1695 1886
1695 2121
1695 2209
1695 2249
1695 1994
1695 1996
1695 2000
1695 2131
1695 1761
1696 1974
1697 2163
1698 1951
1699 2104
1700 1853
1701 1947
1702 1745
1702 2149
1703 1775
1703 2152
1703 1910
1704 1922
1704 1779
1704 2229
1705 2221
1705 2065
1706 2251
1706 1925
1706 2051
1706 2260
1706 2044
1707 2151
1707 1844
1708 2138
1709 2177
1709 2074
1710 2042
1710 1741
1711 1938
1711 2139
1712 1784
1712 2152
1712 1906
1712 1866
1712 2133
1713 2043
1713 2084
1713 1990
1713 1959
1713 2268
1713 1994
1713 2037
1713 1769
1713 2111
1714 2102
1714 2067
1714 1862
1714 2077
1715 2019
1715 2182
1715 1990
1715 1863
1715 2152
1715 1916
1715 2221
1715 2029
1715 1815
1715 1810
1715 2104
1715 2079
1715 1853
1716 2044
1717 2048
1717 2184
1717 2236
1717 2251
1717 2005
1718 1855
1720 2177
1720 2044
1721 2030
1721 1999
1721 2067
1722 2107
1722 1829
1722 2056
1722 1995
1722 2066
1722 1913
1722 2139
1722 2015
1724 2080
1724 2052
1724 1769
1724 2060
1724 2084
1725 2217
1725 1999
1725 2067
1725 1755
1727 2152
1728 2133
1729 2220
1730 1731
1731 2163
1731 2217
1731 1813
1731 2046
1732 1985
1732 2203
1732 2180
1733 2093
1733 2116
1733 2078
1733 2110
1733 2244
1733 2258
1733 2149
1733 1898
1733 2164
1733 1781
1733 2168
1734 1826
1734 2022
1734 1900
1734 2146
1734 2101
1734 2230
1734 1974
1734 1811
1734 2172
1734 2175
1735 1890
1735 1902
1736 1898
1736 2067
1737 2049
1737 2151
1738 1768
1739 1841
1740 2020
1740 2029
1740 1815
1740 2231
1741 1921
1741 1922
1741 2225
1741 2229
1741 2083
1741 2239
1741 2251
1741 2217
1741 2107
1741 2236
1741 2122
1742 2027
1743 1858
1743 1793
1743 2122
1743 1813
1743 1912
1743 1949
1744 2047
1744 2163
1745 2149
1748 1805
1748 2230
1750 2230
1750 2105
1752 2209
1753 2051
1753 2177
1753 2074
1753 1837
1753 1975
1753 1862
1753 2253
1753 1955
1753 2265
1753 2203
1753 2110
1753 2171
1753 2044
1753 2174
1754 2056
1756 2214
1757 1885
1757 2119
1757 2205
1757 2099
1757 2229
1757 2169
1758 2152
1760 2200
1761 2209
1761 1853
1761 1889
1761 2131
1761 1994
1761 1996
1762 2117
1763 1963
1763 2052
1763 2055
1763 2209
1763 2091
1763 1974
1763 1854
1763 2131
1763 2261
1763 2140
1763 1777
1764 1952
1764 1857
1764 2217
1764 2062
1764 1901
1764 2258
1764 2005
1764 2139
1764 2076
1764 2166
1765 2177
1765 2184
1765 2156
1765 2189
1766 1912
1767 1990
1767 2250
1767 1903
1767 1812
1767 2013
1768 1855
1768 2020
1768 2262
1768 2252
1768 1838
1768 2001
1768 1938
1768 2163
1768 1932
1768 2230
1768 2180
1768 1978
1768 2047
1769 1925
1769 1990
1769 2060
1770 2217
1770 2046
1772 2049
1774 1986
1774 2229
1774 2200
1774 1853
1775 1949
1775 2110
1775 2258
1775 2203
1775 1912
1776 2129
1776 2082
1776 1798
1776 2031
1776 2161
1776 2216
1776 1909
1776 2097
1776 2041
1776 2172
1776 2207
1777 2055
1777 1936
1777 1973
1779 1922
1779 2095
1779 2229
1779 1839
1779 2146
1781 1793
1781 1907
1781 2168
1781 2244
1781 2207
1782 2048
1782 1969
1782 2055
1782 1787
1782 2173
1782 1854
1783 2000
1783 2268
1784 2183
1784 2152
1784 1866
1784 1870
1784 1967
1784 2044
1784 2090
1785 2000
1785 2120
1785 2059
1785 2256
1785 2004
1785 1846
1785 1981
1786 1815
1787 1975
1787 1990
1787 2131
1787 2139
1787 1889
1787 2028
1789 2217
1790 2209
1790 2215
1790 2131
1790 1850
1790 1889
1791 2230
1792 1985
1793 2055
1793 1813
1793 1815
1793 1816
1793 1945
1793 2139
1793 1835
1793 2107
1793 1999
1793 2261
1794 1838
1795 2062
1796 2016
1796 2213
1796 1954
1796 1925
1796 1841
1796 1913
1796 2137
1797 2050
1797 2024
1797 2221
1797 2065
1797 2242
1797 2202
1798 1804
1798 2161
1798 1909
1798 2041
1798 2207
1799 2044
1800 2032
1800 2163
1801 2169
1801 1974
1802 2019
1802 1863
1802 1834
1802 2029
1802 1810
1802 2251
1802 1815
1802 2104
1803 2210
1803 1892
1803 2253
1803 2000
1803 2111
1804 2161
1804 2188
1804 1909
1804 2207
1805 2110
1805 1976
1806 2056
1806 1913
1807 2081
1807 2249
1807 1948
1807 1997
1807 2222
1807 1874
1807 1905
1808 2148
1809 2067
1809 2034
1809 2163
1809 2267
1810 2019
1810 2029
1810 1815
1810 2104
1810 1916
1811 1957
1811 2175
1812 1903
1813 1986
1813 2032
1813 2042
1815 2182
1815 2049
1815 1816
1815 2033
1815 1960
1815 1962
1815 2107
1815 1863
1815 1999
1815 2001
1815 1849
1815 2139
1815 2023
1815 2029
1815 2046
1816 2069
1816 2225
1816 1972
1816 2252
1816 1876
1816 2139
1816 1899
1816 2038
1816 1898
1816 2046
1817 2160
1818 2177
1819 1984
1819 1936
1819 2152
1819 2225
1819 2241
1819 2076
1820 2150
1820 2257
1820 1938
1820 1960
1821 2180
1823 2000
1823 1925
1823 2055
1823 2028
1826 2240
1827 1858
1827 2251
1829 1924
1829 1939
1829 1962
1829 2107
1829 2236
1829 2257
1829 2152
1829 1902
1829 2046
1830 2242
1830 2024
1830 2065
1830 2100
1831 2100
1831 2212
1831 1990
1832 2075
1832 2180
1832 1894
1833 2177
1833 1995
1833 2062
1833 2260
1833 2044
1834 2049
1834 2104
1834 2098
1834 1971
1834 1946
1834 1919
1835 2062
1835 2203
1835 1952
1835 2117
1835 2148
1835 2151
1835 1898
1836 2197
1837 1947
1837 2205
1837 2093
1837 1859
1837 2253
1837 2133
1837 2263
1837 2160
1837 1906
1837 2036
1837 2044
1838 2027
1838 2180
1838 1960
1838 1852
1838 1854
1838 1867
1838 2252
1838 2001
1838 2006
1838 2020
1838 2160
1838 1898
1838 1906
1838 2163
1838 2044
1839 2193
1839 2200
1839 2074
1839 2203
1839 2224
1839 2110
1839 1858
1839 2258
1839 1880
1839 1882
1839 2139
1839 1898
1840 2062
1840 2265
1840 2005
1841 1954
1841 1861
1841 2249
1841 1913
1842 1893
1842 2188
1842 2111
1843 2180
1843 2214
1843 2237
1844 2151
1845 2241
1845 2107
1845 2180
1845 2156
1845 2251
1845 2197
1845 2088
1845 2233
1846 2059
1846 2268
1846 2221
1846 1981
1846 1982
1846 2120
1846 2256
1846 2004
1846 1884
1847 1957
1848 1853
1849 2019
1849 2020
1849 2118
1849 1868
1849 2029
1849 2139
1849 2231
1850 2131
1850 2209
1850 1994
1850 2215
1850 1996
1850 1997
1850 2126
1853 2050
1853 2055
1853 2166
1853 1863
1853 1870
1853 2264
1853 1956
1853 2024
1853 1908
1853 2169
1853 2239
1854 2055
1854 2060
1854 2227
1854 1975
1854 1994
1854 1868
1854 2249
1854 1938
1854 2066
1855 2262
1856 2217
1856 2122
1857 1985
1857 1962
1857 2001
1857 2181
1858 1956
1858 2225
1858 2251
1858 2229
1858 2267
1858 2200
1858 2264
1858 2046
1859 2133
1860 2139
1860 2107
1861 1889
1862 2067
1862 2135
1862 2044
1863 2019
1863 2020
1863 2182
1863 2079
1863 2104
1863 2029
1863 2251
1863 2237
1864 2055
1864 2215
1864 2000
1865 1913
1865 2107
1866 1906
1867 2020
1867 2001
1867 2163
1867 2139
1867 2078
1868 2020
1868 2055
1868 1960
1868 2157
1868 2121
1869 2177
1870 2152
1870 1897
1870 2042
1871 1976
1871 1987
1872 2251
1873 1928
1873 2044
1874 1905
1874 1948
1874 1964
1874 1997
1874 2221
1874 2255
1875 1952
1875 2241
1875 2155
1875 2187
1875 1995
1875 2197
1875 2251
1875 2266
1875 2078
1876 2033
1876 2225
1878 1889
1878 2002
1880 2193
1880 2229
1881 2151
1883 2180
1884 2138
1884 2004
1885 1934
1885 2160
1885 2205
1885 2133
1885 1967
1886 1990
1886 2249
1886 2201
1886 1946
1887 1922
1887 2133
1888 2053
1889 1925
1889 2096
1889 2227
1889 2235
1889 2000
1889 2005
1889 1892
1889 2028
1889 2044
1891 1938
1892 2078
1892 2028
1892 1968
1892 1975
1892 2110
1892 2055
1893 2050
1893 2055
1893 2188
1893 1939
1893 2107
1893 1997
1893 2257
1893 1902
1893 1905
1894 2075
1894 2159
1895 1962
1895 1938
1895 2133
1895 2139
1895 2078
1895 2111
1898 2111
1898 2001
1898 2163
1898 2085
1898 2167
1899 1912
1901 2148
1901 2161
1901 2156
1901 1999
1901 2258
1901 2079
1902 2225
1902 2163
1903 2023
1903 2232
1905 1985
1905 1964
1905 1997
1905 2255
1905 1938
1906 2160
1906 2174
1906 2152
1906 2253
1906 2133
1906 2263
1906 2042
1906 1938
1907 1920
1907 2238
1909 1924
1909 2161
1909 2007
1909 2041
1909 2207
1910 1921
1911 2265
1912 1928
1912 2057
1912 2078
1912 2139
1912 1949
1913 2193
1913 1995
1913 2234
1913 2185
1913 2015
1914 2200
1916 2019
1917 2217
1919 2151
1919 2098
1919 1946
1920 2146
1920 2244
1920 2124
1920 2168
1921 2083
1921 2122
1921 2008
1921 2239
1922 2049
1922 2055
1922 2075
1922 2204
1922 2094
1922 2095
1922 1990
1922 2256
1922 2133
1922 2152
1922 2160
1922 2042
1923 2236
1924 2161
1924 2041
1924 2207
1925 2062
1925 2193
1925 2051
1925 1975
1925 2235
1925 1983
1925 2253
1925 2005
1925 2012
1925 1937
1925 2044
1926 2041
1926 2211
1926 2238
1927 2131
1929 2000
1929 2145
1929 2055
1930 2104
1930 2029
1930 2182
1931 2151
1932 2208
1932 2047
1935 2189
1936 2227
1936 2156
1936 2256
1936 2131
1936 2268
1936 1982
1938 2055
1938 1951
1938 1960
1938 1962
1938 2235
1938 2230
1938 2107
1938 2109
1938 2001
1938 2005
1938 2139
1938 2148
1938 2158
1939 2055
1939 2188
1939 1997
1939 2173
1939 2236
1939 2110
1940 1999
1941 2001
1941 2029
1941 2007
1942 2204
1942 1957
1945 2017
1945 2099
1945 2164
1945 2238
1945 2007
1945 2086
1945 2236
1946 2049
1946 2098
1947 2160
1947 2152
1948 2145
1948 2214
1948 2089
1948 2222
1948 2063
1949 2203
1949 2258
1949 1998
1949 2229
1949 2046
1951 1952
1951 2114
1951 2182
1951 2029
1951 2221
1951 2110
1952 2062
1952 2193
1952 2074
1952 2203
1952 2267
1952 2110
1952 1985
1952 2005
1952 2007
1952 2148
1952 2139
1952 2026
1953 2163
1953 1978
1956 2217
1956 2122
1956 1972
1957 2180
1957 2001
1957 2204
1958 2041
1959 2084
1959 1994
1959 1964
1959 2037
1960 2055
1960 2070
1960 2091
1960 2107
1960 2001
1960 2261
1960 2152
1960 2033
1960 2133
1962 2049
1962 1985
1962 2055
1962 1973
1962 2001
1962 2139
1962 2148
1962 2156
1962 2152
1963 2050
1964 2034
1964 1997
1964 2063
1964 2045
1964 2111
1965 2148
1965 2005
1967 2152
1967 2160
1967 2090
1967 2253
1967 2174
1971 2049
1972 2083
1972 2122
1972 2200
1973 2228
1973 2011
1974 2177
1974 2093
1974 2040
1974 2172
1974 2048
1975 2048
1975 2055
1975 2110
1975 2065
1975 2078
1975 2215
1975 2227
1976 2262
1977 2034
1978 2020
1978 2214
1978 2252
1978 2001
1978 2172
1978 2237
1978 2078
1981 2120
1981 2059
1981 2256
1981 1997
1981 2004
1981 2202
1981 2170
1981 2035
1982 2256
1982 2004
1982 2268
1984 2056
1984 2203
1985 2181
1985 2003
1986 2267
1986 2217
1986 2110
1986 2046
1989 2174
1990 2225
1990 2055
1991 2089
1991 2222
1991 2100
1992 2229
1993 2027
1994 2084
1994 2209
1994 2249
1994 1996
1994 2010
1994 2215
1994 2037
1995 2177
1995 2088
1995 2193
1995 2066
1995 2005
1995 2251
1995 2239
1996 2058
1996 2215
1996 2209
1997 2078
1997 2080
1997 2210
1997 2249
1997 2145
1998 2139
1999 2203
1999 2257
1999 2033
1999 2229
1999 2232
2000 2055
2000 2010
2001 2180
2001 2078
2001 2214
2001 2252
2001 2258
2001 2135
2001 2139
2001 2020
2001 2155
2001 2163
2001 2170
2001 2047
2003 2110
2004 2049
2004 2059
2004 2210
2004 2120
2004 2256
2004 2170
2005 2148
2005 2177
2005 2193
2005 2265
2005 2235
2005 2104
2005 2257
2005 2044
2007 2027
2007 2216
2007 2041
2007 2110
2007 2139
2008 2122
2009 2215
2009 2268
2010 2084
2010 2055
2010 2249
2011 2131
2012 2213
2013 2109
2015 2185
2017 2149
2017 2207
2018 2203
2019 2182
2019 2104
2019 2118
2019 2025
2019 2029
2020 2221
2020 2252
2020 2231
2020 2237
2020 2139
2020 2027
2020 2163
2021 2062
2023 2033
2023 2133
2024 2112
2024 2050
2024 2242
2024 2065
2024 2138
2024 2136
2027 2047
2027 2137
2028 2037
2029 2182
2029 2104
2030 2267
2030 2034
2030 2067
2032 2180
2032 2214
2032 2163
2032 2264
2032 2202
2032 2047
2033 2038
2035 2155
2037 2084
2037 2249
2037 2189
2038 2139
2038 2163
2039 2152
2040 2109
2040 2114
2041 2074
2041 2078
2041 2207
2041 2082
2041 2216
2041 2238
2041 2258
2041 2172
2042 2092
2044 2177
2044 2062
2044 2051
2044 2235
2044 2121
2046 2054
2046 2217
2046 2267
2047 2262
2048 2055
2048 2227
2049 2188
2049 2250
2049 2256
2049 2163
2049 2268
2049 2151
2049 2152
2049 2155
2050 2188
2050 2065
2050 2242
2050 2243
2051 2177
2052 2131
2052 2209
2052 2091
2052 2055
2055 2080
2055 2235
2055 2084
2055 2121
2055 2227
2055 2231
2055 2251
2055 2249
2055 2131
2055 2113
2055 2155
2056 2203
2056 2107
2059 2120
2059 2256
2060 2136
2060 2249
2061 2062
2062 2193
2062 2235
2062 2141
2062 2148
2063 2194
2063 2159
2065 2138
2066 2229
2067 2144
2067 2258
2067 2265
2069 2214
2070 2197
2073 2100
2074 2181
2074 2203
2074 2227
2074 2242
2074 2122
2074 2174
2075 2188
2075 2186
2075 2156
2078 2181
2078 2188
2078 2210
2078 2246
2078 2253
2078 2192
2080 2227
2083 2122
2083 2203
2084 2131
2084 2209
2086 2149
2086 2168
2088 2251
2088 2107
2089 2170
2089 2222
2090 2152
2093 2251
2098 2151
2098 2254
2103 2210
2104 2182
2105 2244
2107 2251
2107 2257
2107 2139
2109 2134
2109 2258
2109 2232
2109 2139
2110 2197
2110 2217
2110 2122
2110 2253
2111 2188
2111 2164
2111 2201
2111 2122
2111 2133
2114 2232
2115 2121
2115 2236
2116 2200
2117 2261
2117 2197
2118 2155
2119 2169
2119 2149
2120 2256
2121 2131
2121 2227
2121 2268
2121 2215
2122 2264
2122 2217
2122 2225
2122 2258
2122 2239
2123 2133
2124 2244
2124 2129
2124 2168
2126 2249
2126 2193
2126 2131
2129 2216
2129 2207
2130 2228
2131 2189
2131 2231
2131 2249
2131 2258
2133 2183
2133 2135
2133 2229
2133 2253
2133 2152
2133 2160
2135 2139
2136 2215
2136 2254
2137 2214
2138 2242
2139 2195
2139 2229
2139 2255
2139 2267
2139 2235
2139 2217
2139 2152
2144 2163
2145 2268
2150 2155
2152 2183
2152 2245
2152 2160
2152 2203
2154 2189
2156 2182
2156 2194
2159 2194
2161 2211
2161 2207
2163 2180
2163 2252
2163 2259
2165 2218
2168 2244
2168 2214
2170 2229
2171 2177
2175 2193
2177 2260
2180 2252
2181 2258
2182 2251
2183 2253
2183 2229
2184 2189
2185 2200
2186 2220
2188 2236
2189 2209
2193 2265
2193 2235
2193 2251
2194 2229
2196 2236
2197 2229
2200 2234
2200 2229
2202 2256
2202 2242
2202 2268
2202 2221
2203 2231
2209 2215
2209 2249
2210 2256
2212 2256
2214 2237
2215 2249
2217 2225
2217 2235
2218 2229
2221 2229
2221 2242
2221 2256
2224 2229
2225 2239
2225 2264
2230 2262
2236 2246
2239 2264
2242 2256
2251 2264
2256 2268