0 334
1 870
2 1016
3 18
4 299
5 967
6 834
7 307
8 1034
9 979
10 563
11 201
12 198
13 982
14 42
15 408
16 729
17 145
18 356
19 905
20 561
21 105
22 639
23 126
24 171
25 481
26 1062
27 833
28 867
29 129
30 51
31 874
32 207
33 1091
34 981
35 431
36 349
37 910
38 594
39 342
40 317
41 162
42 919
43 383
44 983
45 738
46 286
47 226
48 727
49 138
50 664
51 986
52 500
53 343
54 81
55 1
56 1001
57 865
58 578
59 1065
60 25
61 55
62 71
63 1114
64 1054
65 287
66 587
67 652
68 715
69 325
70 876
71 451
72 483
73 290
74 900
75 1039
76 646
77 148
78 315
79 228
80 713
81 748
82 686
83 133
84 327
85 460
86 415
87 482
88 269
89 645
90 262
91 236
92 261
93 697
94 72
95 549
96 638
97 118
98 15
99 69
100 597
101 112
102 252
103 180
104 189
105 810
106 532
107 608
108 802
109 916
110 284
111 538
112 390
113 229
114 438
115 544
116 920
117 1082
118 759
119 419
120 825
121 827
122 168
123 813
124 169
125 266
126 300
127 698
128 926
129 1122
130 700
131 660
132 886
133 1006
134 875
135 132
136 978
137 257
138 794
139 167
140 385
141 109
142 441
143 801
144 111
145 923
146 707
147 106
148 1035
149 822
150 954
151 864
152 77
153 283
154 46
155 527
156 84
157 170
158 758
159 250
160 214
161 753
162 140
163 63
164 784
165 785
166 948
167 611
168 1018
169 158
170 215
171 302
172 123
173 37
174 17
175 765
176 1015
177 1058
178 398
179 1014
180 420
181 745
182 999
183 164
184 268
185 4
186 704
187 778
188 1040
189 289
190 454
191 94
192 204
193 185
194 139
195 272
196 301
197 41
198 314
199 73
200 811
201 617
202 294
203 836
204 963
205 798
206 829
207 940
208 890
209 1121
210 405
211 598
212 692
213 816
214 850
215 1132
216 391
217 1068
218 872
219 274
220 891
221 478
222 66
223 946
224 653
225 369
226 1051
227 643
228 426
229 595
230 414
231 394
232 35
233 936
234 927
235 550
236 1047
237 264
238 258
239 894
240 525
241 488
242 675
243 580
244 1088
245 615
246 316
247 599
248 399
249 1113
250 200
251 728
252 197
253 235
254 1029
255 39
256 116
257 347
258 246
259 627
260 467
261 199
262 280
263 24
264 602
265 746
266 796
267 709
268 572
269 448
270 444
271 952
272 211
273 9
274 879
275 522
276 976
277 498
278 124
279 1078
280 819
281 230
282 883
283 844
284 1050
285 491
286 475
287 364
288 21
289 868
290 975
291 839
292 1094
293 355
294 603
295 540
296 795
297 11
298 717
299 871
300 275
301 329
302 830
303 217
304 1130
305 803
306 281
307 92
308 909
309 435
310 216
311 754
312 1010
313 208
314 480
315 1046
316 944
317 149
318 1110
319 861
320 805
321 99
322 1069
323 918
324 1108
325 747
326 495
327 184
328 773
329 706
330 447
331 151
332 172
333 695
334 1120
335 1012
336 950
337 86
338 98
339 714
340 1060
341 732
342 279
343 863
344 348
345 777
346 473
347 190
348 1083
349 352
350 249
351 8
352 30
353 841
354 929
355 1066
356 222
357 857
358 183
359 321
360 5
361 50
362 569
363 263
364 768
365 0
366 667
367 1123
368 939
369 725
370 991
371 1080
372 322
373 243
374 1005
375 828
376 559
377 174
378 330
379 253
380 213
381 1112
382 624
383 705
384 520
385 179
386 79
387 987
388 640
389 231
390 1007
391 542
392 553
393 962
394 852
395 382
396 689
397 62
398 152
399 505
400 186
401 770
402 576
403 1031
404 176
405 941
406 103
407 463
408 760
409 845
410 625
411 783
412 407
413 545
414 858
415 378
416 575
417 899
418 672
419 818
420 154
421 774
422 607
423 156
424 515
425 1002
426 670
427 906
428 880
429 1099
430 430
431 65
432 671
433 115
434 678
435 108
436 350
437 446
438 3
439 895
440 644
441 519
442 202
443 102
444 574
445 100
446 506
447 1036
448 510
449 31
450 585
451 734
452 177
453 78
454 749
455 324
456 965
457 775
458 526
459 922
460 631
461 590
462 739
463 721
464 439
465 2
466 319
467 931
468 630
469 618
470 953
471 1104
472 58
473 740
474 273
475 782
476 471
477 494
478 755
479 251
480 95
481 957
482 318
483 256
484 502
485 635
486 122
487 155
488 16
489 295
490 969
491 298
492 1042
493 371
494 362
495 860
496 1013
497 203
498 629
499 817
500 934
501 153
502 7
503 555
504 1033
505 854
506 68
507 612
508 1090
509 1075
510 12
511 793
512 579
513 924
514 433
515 985
516 677
517 210
518 1102
519 53
520 409
521 959
522 417
523 641
524 74
525 971
526 61
527 422
528 757
529 489
530 241
531 655
532 90
533 726
534 75
535 367
536 479
537 248
538 1092
539 996
540 733
541 719
542 560
543 333
544 453
545 49
546 374
547 902
548 1064
549 1003
550 1049
551 557
552 1116
553 503
554 163
555 1101
556 1028
557 843
558 821
559 400
560 913
561 278
562 610
563 13
564 1073
565 411
566 292
567 682
568 994
569 40
570 354
571 396
572 780
573 973
574 537
575 955
576 693
577 254
578 654
579 224
580 486
581 851
582 434
583 786
584 1048
585 832
586 568
587 668
588 150
589 120
590 925
591 589
592 117
593 304
594 1053
595 1061
596 674
597 212
598 980
599 788
600 159
601 1111
602 1100
603 240
604 744
605 1045
606 47
607 964
608 395
609 96
610 600
611 1087
612 1084
613 937
614 1109
615 288
616 621
617 20
618 85
619 326
620 508
621 1118
622 877
623 634
624 840
625 688
626 239
627 244
628 360
629 336
630 225
631 933
632 911
633 388
634 14
635 547
636 1077
637 530
638 127
639 1020
640 125
641 1127
642 1011
643 1105
644 789
645 804
646 344
647 897
648 56
649 743
650 1021
651 157
652 928
653 1059
654 961
655 893
656 403
657 960
658 761
659 466
660 842
661 797
662 1041
663 392
664 938
665 720
666 731
667 577
668 679
669 907
670 1128
671 141
672 429
673 474
674 711
675 903
676 386
677 998
678 681
679 898
680 1126
681 128
682 956
683 513
684 305
685 511
686 837
687 815
688 1107
689 889
690 166
691 915
692 518
693 662
694 97
695 370
696 869
697 404
698 908
699 365
700 648
701 650
702 375
703 1019
704 751
705 44
706 1022
707 792
708 701
709 1089
710 1052
711 406
712 636
713 1038
714 182
715 372
716 187
717 718
718 373
719 195
720 487
721 337
722 885
723 82
724 974
725 455
726 1117
727 892
728 442
729 1023
730 121
731 359
732 440
733 346
734 401
735 771
736 1095
737 536
738 57
739 424
740 296
741 234
742 389
743 1030
744 134
745 476
746 708
747 609
748 421
749 387
750 605
751 514
752 1096
753 1086
754 684
755 181
756 67
757 54
758 36
759 227
760 379
761 881
762 358
763 1106
764 710
765 730
766 787
767 606
768 465
769 496
770 921
771 245
772 60
773 1125
774 683
775 509
776 335
777 351
778 107
779 534
780 413
781 507
782 104
783 752
784 223
785 452
786 887
787 637
788 741
789 807
790 988
791 34
792 311
793 458
794 993
795 136
796 584
797 531
798 1043
799 1044
800 533
801 501
802 742
803 308
804 831
805 462
806 345
807 1071
808 1076
809 376
810 193
811 205
812 724
813 242
814 548
815 135
816 1070
817 901
818 558
819 812
820 772
821 459
822 790
823 33
824 45
825 570
826 328
827 472
828 412
829 380
830 512
831 484
832 6
833 206
834 497
835 573
836 64
837 945
838 855
839 620
840 114
841 297
842 914
843 1017
844 680
845 425
846 468
847 763
848 1008
849 445
850 173
851 1055
852 1026
853 995
854 276
855 935
856 340
857 113
858 859
859 949
860 628
861 366
862 626
863 1074
864 436
865 583
866 586
867 820
868 888
869 22
870 178
871 800
872 539
873 427
874 669
875 477
876 59
877 416
878 521
879 1119
880 309
881 873
882 835
883 565
884 992
885 649
886 247
887 712
888 582
889 76
890 690
891 377
892 904
893 160
894 101
895 581
896 702
897 1063
898 736
899 52
900 516
901 616
902 91
903 990
904 443
905 750
906 93
907 523
908 1056
909 735
910 593
911 221
912 1027
913 882
914 29
915 764
916 756
917 48
918 259
919 779
920 838
921 614
922 331
923 312
924 146
925 456
926 808
927 633
928 142
929 88
930 703
931 493
932 19
933 658
934 972
935 1124
936 596
937 665
938 562
939 535
940 1009
941 1037
942 323
943 942
944 556
945 144
946 397
947 657
948 357
949 110
950 862
951 80
952 504
953 265
954 219
955 554
956 762
957 691
958 543
959 143
960 10
961 661
962 130
963 306
964 848
965 552
966 255
967 70
968 175
969 571
970 270
971 619
972 696
973 232
974 912
975 943
976 338
977 237
978 1057
979 423
980 381
981 529
982 767
983 457
984 310
985 806
986 1079
987 776
988 1024
989 1134
990 524
991 666
992 930
993 303
994 137
995 196
996 642
997 932
998 194
999 461
1000 27
1001 147
1002 1072
1003 470
1004 1097
1005 119
1006 601
1007 853
1008 613
1009 656
1010 384
1011 970
1012 1093
1013 849
1014 437
1015 341
1016 651
1017 567
1018 469
1019 209
1020 492
1021 588
1022 799
1023 432
1024 737
1025 485
1026 449
1027 368
1028 363
1029 846
1030 878
1031 1085
1032 1129
1033 402
1034 551
1035 958
1036 271
1037 450
1038 723
1039 233
1040 393
1041 28
1042 766
1043 464
1044 673
1045 131
1046 192
1047 339
1048 428
1049 824
1050 418
1051 188
1052 591
1053 947
1054 823
1055 285
1056 791
1057 353
1058 984
1059 968
1060 1098
1061 260
1062 220
1063 1032
1064 856
1065 1133
1066 332
1067 781
1068 277
1069 499
1070 997
1071 687
1072 847
1073 1067
1074 884
1075 564
1076 517
1077 699
1078 191
1079 814
1080 632
1081 685
1082 896
1083 161
1084 676
1085 826
1086 977
1087 769
1088 647
1089 26
1090 1115
1091 623
1092 490
1093 165
1094 546
1095 361
1096 1000
1097 694
1098 866
1099 722
1100 89
1101 1004
1102 38
1103 989
1104 1131
1105 83
1106 809
1107 238
1108 566
1109 218
1110 604
1111 716
1112 291
1113 966
1114 410
1115 1025
1116 659
1117 1081
1118 32
1119 528
1120 1103
1121 282
1122 951
1123 541
1124 592
1125 267
1126 293
1127 663
1128 917
1129 87
1130 313
1131 23
1132 320
1133 43
1134 622
